"","ID","Timepoint","Prediction","Bootstrap","Jackknife"
"1","User #25384","Timepoint 1",0,10,11
"2","User #25384","Timepoint 2",0,10,11
"3","User #25384","Timepoint 3",0,10,11
"4","User #25384","Timepoint 4",0,10,11
"5","User #25384","Timepoint 5",0,10,11
"6","User #25384","Timepoint 6",0,10,11
"7","User #25384","Timepoint 7",0,10,11
"8","User #25384","Timepoint 8",0,10,11
"9","User #25384","Timepoint 9",0,10,11
"10","User #25384","Timepoint 10",0,10,11
"11","User #25384","Timepoint 11",0,10,11
"12","User #25384","Timepoint 12",0,10,11
"13","User #25384","Timepoint 13",0,10,11
"14","User #25384","Timepoint 14",0,10,11
"15","User #25384","Timepoint 15",0,10,11
"16","User #25384","Timepoint 16",0,10,11
"17","User #25384","Timepoint 17",9.1343035697937,10,11
"18","User #25384","Timepoint 18",9.67570698261261,10,11
"19","User #25384","Timepoint 19",9.45187342166901,10,11
"20","User #25384","Timepoint 20",7.80826896429062,10,11
"21","User #25384","Timepoint 21",9.24998795986176,10,11
"22","User #25384","Timepoint 22",11.5292407274246,10,11
"23","User #25384","Timepoint 23",11.402896463871,10,11
"24","User #25384","Timepoint 24",8.84318709373474,10,11
"25","User #25384","Timepoint 25",8.88110643625259,10,11
"26","User #25384","Timepoint 26",8.34348022937775,10,11
"27","User #25384","Timepoint 27",9.25016903877258,10,11
"28","User #25384","Timepoint 28",12.1118133068085,10,11
"29","User #25384","Timepoint 29",9.0930113196373,10,11
"30","User #25384","Timepoint 30",9.05702126026154,10,11
"31","User #25384","Timepoint 31",8.84644401073456,10,11
"32","User #25384","Timepoint 32",11.0267667770386,10,11
"33","User #25384","Timepoint 33",9.72522246837616,10,11
"34","User #25384","Timepoint 34",8.85293990373611,10,11
"35","User #25384","Timepoint 35",10.498206615448,10,11
"36","User #25384","Timepoint 36",10.4621911048889,10,11
"37","User #25384","Timepoint 37",7.44355142116547,10,11
"38","User #25384","Timepoint 38",5.92806425690651,10,11
"39","User #25384","Timepoint 39",7.43017140030861,10,11
"40","User #25384","Timepoint 40",8.11955800652504,10,11
"41","User #25384","Timepoint 41",7.96457469463348,10,11
"42","User #25384","Timepoint 42",5.79763382673264,10,11
"43","User #25384","Timepoint 43",7.11525765061378,10,11
"44","User #25384","Timepoint 44",4.52570775896311,10,11
"45","User #25384","Timepoint 45",11.2557619214058,10,11
"46","User #25384","Timepoint 46",6.44876855611801,10,11
"47","User #25384","Timepoint 47",7.09759786725044,10,11
"48","User #25384","Timepoint 48",6.18413278460503,10,11
"49","User #25384","Timepoint 49",9.45822077989578,10,11
"50","User #25384","Timepoint 50",8.83193641901016,10,11
"51","User #25384","Timepoint 51",8.73379123210907,10,11
"52","User #25384","Timepoint 52",10.04041492939,10,11
"53","User #25384","Timepoint 53",9.3394655585289,10,11
"54","User #25384","Timepoint 54",7.08003029227257,10,11
"55","User #25384","Timepoint 55",7.00004452466965,10,11
"56","User #25384","Timepoint 56",7.62474966049194,10,11
"57","User #25384","Timepoint 57",8.67983388900757,10,11
"58","User #25384","Timepoint 58",7.77639698982239,10,11
"59","User #25384","Timepoint 59",9.38279056549072,10,11
"60","User #25384","Timepoint 60",9.94756776094437,10,11
"61","User #25384","Timepoint 61",8.31000879406929,10,11
"62","User #25384","Timepoint 62",8.70658600330353,10,11
"63","User #25384","Timepoint 63",9.42219191789627,10,11
"64","User #25384","Timepoint 64",8.89054131507874,10,11
"65","User #25378","Timepoint 1",0,10,11
"66","User #25378","Timepoint 2",0,10,11
"67","User #25378","Timepoint 3",0,10,11
"68","User #25378","Timepoint 4",0,10,11
"69","User #25378","Timepoint 5",0,10,11
"70","User #25378","Timepoint 6",0,10,11
"71","User #25378","Timepoint 7",0,10,11
"72","User #25378","Timepoint 8",0,10,11
"73","User #25378","Timepoint 9",0,10,11
"74","User #25378","Timepoint 10",0,10,11
"75","User #25378","Timepoint 11",0,10,11
"76","User #25378","Timepoint 12",0,10,11
"77","User #25378","Timepoint 13",0,10,11
"78","User #25378","Timepoint 14",0,10,11
"79","User #25378","Timepoint 15",0,10,11
"80","User #25378","Timepoint 16",0,10,11
"81","User #25378","Timepoint 17",7.34754538536072,10,11
"82","User #25378","Timepoint 18",6.86878716945648,10,11
"83","User #25378","Timepoint 19",7.64744406938553,10,11
"84","User #25378","Timepoint 20",7.89341843128204,10,11
"85","User #25378","Timepoint 21",8.39823535084724,10,11
"86","User #25378","Timepoint 22",7.76205158233643,10,11
"87","User #25378","Timepoint 23",6.91535642743111,10,11
"88","User #25378","Timepoint 24",6.60546044260263,10,11
"89","User #25378","Timepoint 25",6.38716170936823,10,11
"90","User #25378","Timepoint 26",7.448864787817,10,11
"91","User #25378","Timepoint 27",9.61465334892273,10,11
"92","User #25378","Timepoint 28",8.39365354180336,10,11
"93","User #25378","Timepoint 29",8.33069390058517,10,11
"94","User #25378","Timepoint 30",7.31773233413696,10,11
"95","User #25378","Timepoint 31",6.85559263825417,10,11
"96","User #25378","Timepoint 32",7.33952379226685,10,11
"97","User #25378","Timepoint 33",7.10333748161793,10,11
"98","User #25378","Timepoint 34",8.35879689455032,10,11
"99","User #25378","Timepoint 35",8.96629339456558,10,11
"100","User #25378","Timepoint 36",7.34934917092323,10,11
"101","User #25378","Timepoint 37",6.83343163132668,10,11
"102","User #25378","Timepoint 38",7.34542554616928,10,11
"103","User #25378","Timepoint 39",10.3840551376343,10,11
"104","User #25378","Timepoint 40",10.6421244740486,10,11
"105","User #25378","Timepoint 41",6.5601254850626,10,11
"106","User #25378","Timepoint 42",7.20843082666397,10,11
"107","User #25378","Timepoint 43",9.10386151075363,10,11
"108","User #25378","Timepoint 44",8.13418766856194,10,11
"109","User #25378","Timepoint 45",7.70361742377281,10,11
"110","User #25378","Timepoint 46",6.41618708521128,10,11
"111","User #25378","Timepoint 47",8.06550240516663,10,11
"112","User #25378","Timepoint 48",8.36547663807869,10,11
"113","User #25378","Timepoint 49",7.26250714063644,10,11
"114","User #25378","Timepoint 50",6.93269310891628,10,11
"115","User #25378","Timepoint 51",7.52059346437454,10,11
"116","User #25378","Timepoint 52",6.63085004687309,10,11
"117","User #25378","Timepoint 53",6.6980449706316,10,11
"118","User #25378","Timepoint 54",7.88753888010979,10,11
"119","User #25378","Timepoint 55",9.76485139131546,10,11
"120","User #25378","Timepoint 56",8.59206026792526,10,11
"121","User #25378","Timepoint 57",6.69876976311207,10,11
"122","User #25378","Timepoint 58",7.39146089553833,10,11
"123","User #25378","Timepoint 59",7.40557155013084,10,11
"124","User #25378","Timepoint 60",8.51650154590607,10,11
"125","User #25378","Timepoint 61",7.12964138388634,10,11
"126","User #25378","Timepoint 62",6.7827390730381,10,11
"127","User #25378","Timepoint 63",7.60313114523888,10,11
"128","User #25378","Timepoint 64",8.75605767965317,10,11
"129","User #25331","Timepoint 1",0,10,11
"130","User #25331","Timepoint 2",0,10,11
"131","User #25331","Timepoint 3",0,10,11
"132","User #25331","Timepoint 4",0,10,11
"133","User #25331","Timepoint 5",0,10,11
"134","User #25331","Timepoint 6",0,10,11
"135","User #25331","Timepoint 7",0,10,11
"136","User #25331","Timepoint 8",0,10,11
"137","User #25331","Timepoint 9",0,10,11
"138","User #25331","Timepoint 10",0,10,11
"139","User #25331","Timepoint 11",0,10,11
"140","User #25331","Timepoint 12",0,10,11
"141","User #25331","Timepoint 13",0,10,11
"142","User #25331","Timepoint 14",0,10,11
"143","User #25331","Timepoint 15",0,10,11
"144","User #25331","Timepoint 16",0,10,11
"145","User #25331","Timepoint 17",11.2308155298233,10,11
"146","User #25331","Timepoint 18",6.91319032013416,10,11
"147","User #25331","Timepoint 19",11.5512526035309,10,11
"148","User #25331","Timepoint 20",7.02527379989624,10,11
"149","User #25331","Timepoint 21",11.2351644635201,10,11
"150","User #25331","Timepoint 22",0.619737833738327,10,11
"151","User #25331","Timepoint 23",0.529705196619034,10,11
"152","User #25331","Timepoint 24",18.6333712339401,10,11
"153","User #25331","Timepoint 25",4.71898375451565,10,11
"154","User #25331","Timepoint 26",7.84347468614578,10,11
"155","User #25331","Timepoint 27",4.79748309403658,10,11
"156","User #25331","Timepoint 28",7.28053238987923,10,11
"157","User #25331","Timepoint 29",5.83326772600412,10,11
"158","User #25331","Timepoint 30",7.67121008038521,10,11
"159","User #25331","Timepoint 31",6.93237790465355,10,11
"160","User #25331","Timepoint 32",9.95126986503601,10,11
"161","User #25331","Timepoint 33",7.84107571840286,10,11
"162","User #25331","Timepoint 34",9.34262728691101,10,11
"163","User #25331","Timepoint 35",11.441620528698,10,11
"164","User #25331","Timepoint 36",10.7663406133652,10,11
"165","User #25331","Timepoint 37",7.96045842766762,10,11
"166","User #25331","Timepoint 38",6.85811786353588,10,11
"167","User #25331","Timepoint 39",7.16190391778946,10,11
"168","User #25331","Timepoint 40",5.0579526796937,10,11
"169","User #25331","Timepoint 41",9.08135545253754,10,11
"170","User #25331","Timepoint 42",7.01772955060005,10,11
"171","User #25331","Timepoint 43",5.31343087553978,10,11
"172","User #25331","Timepoint 44",7.25535771250725,10,11
"173","User #25331","Timepoint 45",11.1818485856056,10,11
"174","User #25331","Timepoint 46",5.62102217972279,10,11
"175","User #25331","Timepoint 47",6.43055349588394,10,11
"176","User #25331","Timepoint 48",8.58527901768684,10,11
"177","User #25331","Timepoint 49",6.2074960321188,10,11
"178","User #25331","Timepoint 50",6.40096685290337,10,11
"179","User #25331","Timepoint 51",6.63107360899448,10,11
"180","User #25331","Timepoint 52",6.93911981582642,10,11
"181","User #25331","Timepoint 53",6.915981143713,10,11
"182","User #25331","Timepoint 54",7.15922123193741,10,11
"183","User #25331","Timepoint 55",6.43201208114624,10,11
"184","User #25331","Timepoint 56",6.74392801523209,10,11
"185","User #25331","Timepoint 57",8.05806690454483,10,11
"186","User #25331","Timepoint 58",9.26265305280685,10,11
"187","User #25331","Timepoint 59",6.8849148452282,10,11
"188","User #25331","Timepoint 60",6.5405298769474,10,11
"189","User #25331","Timepoint 61",6.20969370007515,10,11
"190","User #25331","Timepoint 62",6.04891607165337,10,11
"191","User #25331","Timepoint 63",6.78487709164619,10,11
"192","User #25331","Timepoint 64",8.3140267431736,10,11
"193","User #25365","Timepoint 1",0,10,11
"194","User #25365","Timepoint 2",0,10,11
"195","User #25365","Timepoint 3",0,10,11
"196","User #25365","Timepoint 4",0,10,11
"197","User #25365","Timepoint 5",0,10,11
"198","User #25365","Timepoint 6",0,10,11
"199","User #25365","Timepoint 7",0,10,11
"200","User #25365","Timepoint 8",0,10,11
"201","User #25365","Timepoint 9",0,10,11
"202","User #25365","Timepoint 10",0,10,11
"203","User #25365","Timepoint 11",0,10,11
"204","User #25365","Timepoint 12",0,10,11
"205","User #25365","Timepoint 13",0,10,11
"206","User #25365","Timepoint 14",0,10,11
"207","User #25365","Timepoint 15",0,10,11
"208","User #25365","Timepoint 16",0,10,11
"209","User #25365","Timepoint 17",7.53058230876923,10,11
"210","User #25365","Timepoint 18",5.94799682497978,10,11
"211","User #25365","Timepoint 19",5.68113151192665,10,11
"212","User #25365","Timepoint 20",7.2107675075531,10,11
"213","User #25365","Timepoint 21",7.76399600505829,10,11
"214","User #25365","Timepoint 22",6.66085135936737,10,11
"215","User #25365","Timepoint 23",5.38912174105644,10,11
"216","User #25365","Timepoint 24",7.31308019161224,10,11
"217","User #25365","Timepoint 25",7.42984640598297,10,11
"218","User #25365","Timepoint 26",8.10722935199738,10,11
"219","User #25365","Timepoint 27",9.42200672626495,10,11
"220","User #25365","Timepoint 28",8.56678545475006,10,11
"221","User #25365","Timepoint 29",7.60831415653229,10,11
"222","User #25365","Timepoint 30",6.18934261798859,10,11
"223","User #25365","Timepoint 31",7.92224651575089,10,11
"224","User #25365","Timepoint 32",9.1934027671814,10,11
"225","User #25365","Timepoint 33",7.99068343639374,10,11
"226","User #25365","Timepoint 34",5.49259662628174,10,11
"227","User #25365","Timepoint 35",6.68532258272171,10,11
"228","User #25365","Timepoint 36",5.73129767179489,10,11
"229","User #25365","Timepoint 37",10.1902697086334,10,11
"230","User #25365","Timepoint 38",7.56260126829147,10,11
"231","User #25365","Timepoint 39",5.87839207053185,10,11
"232","User #25365","Timepoint 40",8.35407698154449,10,11
"233","User #25365","Timepoint 41",8.63606905937195,10,11
"234","User #25365","Timepoint 42",10.0472625494003,10,11
"235","User #25365","Timepoint 43",5.69959771633148,10,11
"236","User #25365","Timepoint 44",9.97126913070679,10,11
"237","User #25365","Timepoint 45",9.91745829582214,10,11
"238","User #25365","Timepoint 46",5.36110660433769,10,11
"239","User #25365","Timepoint 47",5.34060174226761,10,11
"240","User #25365","Timepoint 48",6.48548030853271,10,11
"241","User #25365","Timepoint 49",7.50875532627106,10,11
"242","User #25365","Timepoint 50",6.1355222016573,10,11
"243","User #25365","Timepoint 51",9.19642388820648,10,11
"244","User #25365","Timepoint 52",8.03104847669601,10,11
"245","User #25365","Timepoint 53",6.19425863027573,10,11
"246","User #25365","Timepoint 54",5.43713424354792,10,11
"247","User #25365","Timepoint 55",6.91639184951782,10,11
"248","User #25365","Timepoint 56",7.05296099185944,10,11
"249","User #25365","Timepoint 57",6.13807789981365,10,11
"250","User #25365","Timepoint 58",5.90339496731758,10,11
"251","User #25365","Timepoint 59",6.5219284594059,10,11
"252","User #25365","Timepoint 60",6.51332974433899,10,11
"253","User #25365","Timepoint 61",6.29789054393768,10,11
"254","User #25365","Timepoint 62",6.22340604662895,10,11
"255","User #25365","Timepoint 63",6.64678856730461,10,11
"256","User #25365","Timepoint 64",6.86720848083496,10,11
"257","User #25354","Timepoint 1",0,10,11
"258","User #25354","Timepoint 2",0,10,11
"259","User #25354","Timepoint 3",0,10,11
"260","User #25354","Timepoint 4",0,10,11
"261","User #25354","Timepoint 5",0,10,11
"262","User #25354","Timepoint 6",0,10,11
"263","User #25354","Timepoint 7",0,10,11
"264","User #25354","Timepoint 8",0,10,11
"265","User #25354","Timepoint 9",0,10,11
"266","User #25354","Timepoint 10",0,10,11
"267","User #25354","Timepoint 11",0,10,11
"268","User #25354","Timepoint 12",0,10,11
"269","User #25354","Timepoint 13",0,10,11
"270","User #25354","Timepoint 14",0,10,11
"271","User #25354","Timepoint 15",0,10,11
"272","User #25354","Timepoint 16",0,10,11
"273","User #25354","Timepoint 17",4.9616414308548,10,11
"274","User #25354","Timepoint 18",6.90577113628387,10,11
"275","User #25354","Timepoint 19",9.20080423355103,10,11
"276","User #25354","Timepoint 20",8.97107720375061,10,11
"277","User #25354","Timepoint 21",5.06855112314224,10,11
"278","User #25354","Timepoint 22",10.7673306465149,10,11
"279","User #25354","Timepoint 23",13.1179051399231,10,11
"280","User #25354","Timepoint 24",11.4686918258667,10,11
"281","User #25354","Timepoint 25",7.23715877532959,10,11
"282","User #25354","Timepoint 26",7.33320212364197,10,11
"283","User #25354","Timepoint 27",10.520435333252,10,11
"284","User #25354","Timepoint 28",9.80328440666199,10,11
"285","User #25354","Timepoint 29",9.15347695350647,10,11
"286","User #25354","Timepoint 30",8.38062596321106,10,11
"287","User #25354","Timepoint 31",9.62703514099121,10,11
"288","User #25354","Timepoint 32",9.58262300491333,10,11
"289","User #25354","Timepoint 33",7.95061528682709,10,11
"290","User #25354","Timepoint 34",9.43800640106201,10,11
"291","User #25354","Timepoint 35",9.92719888687134,10,11
"292","User #25354","Timepoint 36",10.2741622924805,10,11
"293","User #25354","Timepoint 37",8.8857593536377,10,11
"294","User #25354","Timepoint 38",12.198522567749,10,11
"295","User #25354","Timepoint 39",13.8360095024109,10,11
"296","User #25354","Timepoint 40",12.8222031593323,10,11
"297","User #25354","Timepoint 41",9.56983089447021,10,11
"298","User #25354","Timepoint 42",8.02268362045288,10,11
"299","User #25354","Timepoint 43",8.34123969078064,10,11
"300","User #25354","Timepoint 44",9.35084676742554,10,11
"301","User #25354","Timepoint 45",9.36573386192322,10,11
"302","User #25354","Timepoint 46",9.3525288105011,10,11
"303","User #25354","Timepoint 47",8.91602683067322,10,11
"304","User #25354","Timepoint 48",9.12063431739807,10,11
"305","User #25354","Timepoint 49",8.10107681155205,10,11
"306","User #25354","Timepoint 50",11.207971394062,10,11
"307","User #25354","Timepoint 51",12.5193578004837,10,11
"308","User #25354","Timepoint 52",11.3175908923149,10,11
"309","User #25354","Timepoint 53",9.11662971973419,10,11
"310","User #25354","Timepoint 54",10.6525648236275,10,11
"311","User #25354","Timepoint 55",10.3267270922661,10,11
"312","User #25354","Timepoint 56",11.0558204650879,10,11
"313","User #25354","Timepoint 57",7.07059282064438,10,11
"314","User #25354","Timepoint 58",8.82664102315903,10,11
"315","User #25354","Timepoint 59",11.102184176445,10,11
"316","User #25354","Timepoint 60",9.9712105691433,10,11
"317","User #25354","Timepoint 61",8.1316599547863,10,11
"318","User #25354","Timepoint 62",7.40967690199614,10,11
"319","User #25354","Timepoint 63",11.3037838339806,10,11
"320","User #25354","Timepoint 64",10.9974287748337,10,11
"321","User #25318","Timepoint 1",0,10,11
"322","User #25318","Timepoint 2",0,10,11
"323","User #25318","Timepoint 3",0,10,11
"324","User #25318","Timepoint 4",0,10,11
"325","User #25318","Timepoint 5",0,10,11
"326","User #25318","Timepoint 6",0,10,11
"327","User #25318","Timepoint 7",0,10,11
"328","User #25318","Timepoint 8",0,10,11
"329","User #25318","Timepoint 9",0,10,11
"330","User #25318","Timepoint 10",0,10,11
"331","User #25318","Timepoint 11",0,10,11
"332","User #25318","Timepoint 12",0,10,11
"333","User #25318","Timepoint 13",0,10,11
"334","User #25318","Timepoint 14",0,10,11
"335","User #25318","Timepoint 15",0,10,11
"336","User #25318","Timepoint 16",0,10,11
"337","User #25318","Timepoint 17",8.606281042099,10,11
"338","User #25318","Timepoint 18",7.44993007183075,10,11
"339","User #25318","Timepoint 19",5.9728985875845,10,11
"340","User #25318","Timepoint 20",10.0869402885437,10,11
"341","User #25318","Timepoint 21",10.3337100744247,10,11
"342","User #25318","Timepoint 22",6.56705582886934,10,11
"343","User #25318","Timepoint 23",5.83245301991701,10,11
"344","User #25318","Timepoint 24",11.4210567474365,10,11
"345","User #25318","Timepoint 25",9.34067225456238,10,11
"346","User #25318","Timepoint 26",9.46760541200638,10,11
"347","User #25318","Timepoint 27",6.18222011625767,10,11
"348","User #25318","Timepoint 28",8.79552489519119,10,11
"349","User #25318","Timepoint 29",6.44743973761797,10,11
"350","User #25318","Timepoint 30",9.77174496650696,10,11
"351","User #25318","Timepoint 31",7.20229214429855,10,11
"352","User #25318","Timepoint 32",8.4383157491684,10,11
"353","User #25318","Timepoint 33",9.94623279571533,10,11
"354","User #25318","Timepoint 34",7.41164839267731,10,11
"355","User #25318","Timepoint 35",6.432955250144,10,11
"356","User #25318","Timepoint 36",7.06110975146294,10,11
"357","User #25318","Timepoint 37",9.61729681491852,10,11
"358","User #25318","Timepoint 38",7.79841786623001,10,11
"359","User #25318","Timepoint 39",7.33418098092079,10,11
"360","User #25318","Timepoint 40",8.47953027486801,10,11
"361","User #25318","Timepoint 41",7.9029313325882,10,11
"362","User #25318","Timepoint 42",5.95479218661785,10,11
"363","User #25318","Timepoint 43",6.81864655017853,10,11
"364","User #25318","Timepoint 44",9.07452321052551,10,11
"365","User #25318","Timepoint 45",8.88277983665466,10,11
"366","User #25318","Timepoint 46",8.23268777132034,10,11
"367","User #25318","Timepoint 47",6.89048191905022,10,11
"368","User #25318","Timepoint 48",7.99644446372986,10,11
"369","User #25318","Timepoint 49",8.91256523132324,10,11
"370","User #25318","Timepoint 50",6.99633967876434,10,11
"371","User #25318","Timepoint 51",5.91206559538841,10,11
"372","User #25318","Timepoint 52",8.25407671928406,10,11
"373","User #25318","Timepoint 53",8.09077191352844,10,11
"374","User #25318","Timepoint 54",8.17541098594666,10,11
"375","User #25318","Timepoint 55",6.05133105814457,10,11
"376","User #25318","Timepoint 56",7.92800545692444,10,11
"377","User #25318","Timepoint 57",8.94416785240173,10,11
"378","User #25318","Timepoint 58",7.18341898918152,10,11
"379","User #25318","Timepoint 59",6.08827489614487,10,11
"380","User #25318","Timepoint 60",8.31308531761169,10,11
"381","User #25318","Timepoint 61",8.02631759643555,10,11
"382","User #25318","Timepoint 62",8.94871377944946,10,11
"383","User #25318","Timepoint 63",7.16294622421265,10,11
"384","User #25318","Timepoint 64",8.0500922203064,10,11
"385","User #25334","Timepoint 1",0,10,11
"386","User #25334","Timepoint 2",0,10,11
"387","User #25334","Timepoint 3",0,10,11
"388","User #25334","Timepoint 4",0,10,11
"389","User #25334","Timepoint 5",0,10,11
"390","User #25334","Timepoint 6",0,10,11
"391","User #25334","Timepoint 7",0,10,11
"392","User #25334","Timepoint 8",0,10,11
"393","User #25334","Timepoint 9",0,10,11
"394","User #25334","Timepoint 10",0,10,11
"395","User #25334","Timepoint 11",0,10,11
"396","User #25334","Timepoint 12",0,10,11
"397","User #25334","Timepoint 13",0,10,11
"398","User #25334","Timepoint 14",0,10,11
"399","User #25334","Timepoint 15",0,10,11
"400","User #25334","Timepoint 16",0,10,11
"401","User #25334","Timepoint 17",7.62920784950256,10,11
"402","User #25334","Timepoint 18",7.11789059638977,10,11
"403","User #25334","Timepoint 19",7.28371453285217,10,11
"404","User #25334","Timepoint 20",7.67263925075531,10,11
"405","User #25334","Timepoint 21",7.54085123538971,10,11
"406","User #25334","Timepoint 22",7.65949440002441,10,11
"407","User #25334","Timepoint 23",7.52717638015747,10,11
"408","User #25334","Timepoint 24",7.70487928390503,10,11
"409","User #25334","Timepoint 25",7.64900636672974,10,11
"410","User #25334","Timepoint 26",5.99571287631989,10,11
"411","User #25334","Timepoint 27",10.1000862121582,10,11
"412","User #25334","Timepoint 28",8.87335777282715,10,11
"413","User #25334","Timepoint 29",6.99732732772827,10,11
"414","User #25334","Timepoint 30",7.78208291530609,10,11
"415","User #25334","Timepoint 31",9.52224040031433,10,11
"416","User #25334","Timepoint 32",8.07451486587524,10,11
"417","User #25334","Timepoint 33",6.93717080354691,10,11
"418","User #25334","Timepoint 34",6.9487339258194,10,11
"419","User #25334","Timepoint 35",8.46807551383972,10,11
"420","User #25334","Timepoint 36",7.2772468328476,10,11
"421","User #25334","Timepoint 37",7.2617359161377,10,11
"422","User #25334","Timepoint 38",6.02288115024567,10,11
"423","User #25334","Timepoint 39",7.80233204364777,10,11
"424","User #25334","Timepoint 40",6.81237483024597,10,11
"425","User #25334","Timepoint 41",9.162841796875,10,11
"426","User #25334","Timepoint 42",6.03273040056229,10,11
"427","User #25334","Timepoint 43",8.54573392868042,10,11
"428","User #25334","Timepoint 44",8.66966915130615,10,11
"429","User #25334","Timepoint 45",7.9651130437851,10,11
"430","User #25334","Timepoint 46",6.9842711687088,10,11
"431","User #25334","Timepoint 47",8.70869827270508,10,11
"432","User #25334","Timepoint 48",7.84770405292511,10,11
"433","User #25334","Timepoint 49",6.86278802156448,10,11
"434","User #25334","Timepoint 50",7.02813029289246,10,11
"435","User #25334","Timepoint 51",7.76414370536804,10,11
"436","User #25334","Timepoint 52",8.73875522613525,10,11
"437","User #25334","Timepoint 53",7.74817645549774,10,11
"438","User #25334","Timepoint 54",6.13738992810249,10,11
"439","User #25334","Timepoint 55",7.88893008232117,10,11
"440","User #25334","Timepoint 56",8.45432066917419,10,11
"441","User #25334","Timepoint 57",7.91937494277954,10,11
"442","User #25334","Timepoint 58",6.3003723025322,10,11
"443","User #25334","Timepoint 59",9.09899401664734,10,11
"444","User #25334","Timepoint 60",8.50775027275085,10,11
"445","User #25334","Timepoint 61",7.41061961650848,10,11
"446","User #25334","Timepoint 62",6.38191524147987,10,11
"447","User #25334","Timepoint 63",8.75993943214417,10,11
"448","User #25334","Timepoint 64",7.95772302150726,10,11
"449","User #25348","Timepoint 1",0,10,11
"450","User #25348","Timepoint 2",0,10,11
"451","User #25348","Timepoint 3",0,10,11
"452","User #25348","Timepoint 4",0,10,11
"453","User #25348","Timepoint 5",0,10,11
"454","User #25348","Timepoint 6",0,10,11
"455","User #25348","Timepoint 7",0,10,11
"456","User #25348","Timepoint 8",0,10,11
"457","User #25348","Timepoint 9",0,10,11
"458","User #25348","Timepoint 10",0,10,11
"459","User #25348","Timepoint 11",0,10,11
"460","User #25348","Timepoint 12",0,10,11
"461","User #25348","Timepoint 13",0,10,11
"462","User #25348","Timepoint 14",0,10,11
"463","User #25348","Timepoint 15",0,10,11
"464","User #25348","Timepoint 16",0,10,11
"465","User #25348","Timepoint 17",8.92631912231445,10,11
"466","User #25348","Timepoint 18",10.9385230541229,10,11
"467","User #25348","Timepoint 19",8.59877324104309,10,11
"468","User #25348","Timepoint 20",12.2559789419174,10,11
"469","User #25348","Timepoint 21",13.2416461110115,10,11
"470","User #25348","Timepoint 22",7.89534404873848,10,11
"471","User #25348","Timepoint 23",10.8414914608002,10,11
"472","User #25348","Timepoint 24",11.5541366934776,10,11
"473","User #25348","Timepoint 25",10.5656331777573,10,11
"474","User #25348","Timepoint 26",13.8677965402603,10,11
"475","User #25348","Timepoint 27",8.10566417872906,10,11
"476","User #25348","Timepoint 28",8.34032242000103,10,11
"477","User #25348","Timepoint 29",9.41693803668022,10,11
"478","User #25348","Timepoint 30",7.57608038932085,10,11
"479","User #25348","Timepoint 31",8.5097648203373,10,11
"480","User #25348","Timepoint 32",10.6497134566307,10,11
"481","User #25348","Timepoint 33",12.3562390804291,10,11
"482","User #25348","Timepoint 34",9.36100196838379,10,11
"483","User #25348","Timepoint 35",7.45960623025894,10,11
"484","User #25348","Timepoint 36",10.8475229740143,10,11
"485","User #25348","Timepoint 37",8.94170394539833,10,11
"486","User #25348","Timepoint 38",8.83165991306305,10,11
"487","User #25348","Timepoint 39",9.86806651949883,10,11
"488","User #25348","Timepoint 40",10.0068774819374,10,11
"489","User #25348","Timepoint 41",8.34328831732273,10,11
"490","User #25348","Timepoint 42",7.33082616329193,10,11
"491","User #25348","Timepoint 43",10.7985770106316,10,11
"492","User #25348","Timepoint 44",11.2053511738777,10,11
"493","User #25348","Timepoint 45",8.84721809625626,10,11
"494","User #25348","Timepoint 46",8.93497794866562,10,11
"495","User #25348","Timepoint 47",10.7957656979561,10,11
"496","User #25348","Timepoint 48",10.199435710907,10,11
"497","User #25348","Timepoint 49",11.206608235836,10,11
"498","User #25348","Timepoint 50",8.60133272409439,10,11
"499","User #25348","Timepoint 51",9.90042459964752,10,11
"500","User #25348","Timepoint 52",9.88033962249756,10,11
"501","User #25348","Timepoint 53",10.0253723263741,10,11
"502","User #25348","Timepoint 54",9.51034170389175,10,11
"503","User #25348","Timepoint 55",11.6855941414833,10,11
"504","User #25348","Timepoint 56",12.2208095788956,10,11
"505","User #25348","Timepoint 57",9.08052724599838,10,11
"506","User #25348","Timepoint 58",8.57466217875481,10,11
"507","User #25348","Timepoint 59",10.007128238678,10,11
"508","User #25348","Timepoint 60",9.63074606657028,10,11
"509","User #25348","Timepoint 61",9.41911426186562,10,11
"510","User #25348","Timepoint 62",7.46256598085165,10,11
"511","User #25348","Timepoint 63",9.43228152394295,10,11
"512","User #25348","Timepoint 64",10.1538531184196,10,11
"513","User #25322","Timepoint 1",0,10,11
"514","User #25322","Timepoint 2",0,10,11
"515","User #25322","Timepoint 3",0,10,11
"516","User #25322","Timepoint 4",0,10,11
"517","User #25322","Timepoint 5",0,10,11
"518","User #25322","Timepoint 6",0,10,11
"519","User #25322","Timepoint 7",0,10,11
"520","User #25322","Timepoint 8",0,10,11
"521","User #25322","Timepoint 9",0,10,11
"522","User #25322","Timepoint 10",0,10,11
"523","User #25322","Timepoint 11",0,10,11
"524","User #25322","Timepoint 12",0,10,11
"525","User #25322","Timepoint 13",0,10,11
"526","User #25322","Timepoint 14",0,10,11
"527","User #25322","Timepoint 15",0,10,11
"528","User #25322","Timepoint 16",0,10,11
"529","User #25322","Timepoint 17",7.0107513666153,10,11
"530","User #25322","Timepoint 18",7.93323189020157,10,11
"531","User #25322","Timepoint 19",6.54669597744942,10,11
"532","User #25322","Timepoint 20",6.23336128890514,10,11
"533","User #25322","Timepoint 21",7.95562863349915,10,11
"534","User #25322","Timepoint 22",6.84604927897453,10,11
"535","User #25322","Timepoint 23",7.50295639038086,10,11
"536","User #25322","Timepoint 24",7.93855220079422,10,11
"537","User #25322","Timepoint 25",6.2166129052639,10,11
"538","User #25322","Timepoint 26",6.00319534540176,10,11
"539","User #25322","Timepoint 27",7.60859280824661,10,11
"540","User #25322","Timepoint 28",6.72040417790413,10,11
"541","User #25322","Timepoint 29",8.09868842363358,10,11
"542","User #25322","Timepoint 30",6.68789029121399,10,11
"543","User #25322","Timepoint 31",6.28291308879852,10,11
"544","User #25322","Timepoint 32",6.97164237499237,10,11
"545","User #25322","Timepoint 33",6.05291083455086,10,11
"546","User #25322","Timepoint 34",6.26178652048111,10,11
"547","User #25322","Timepoint 35",6.92907691001892,10,11
"548","User #25322","Timepoint 36",7.5463330745697,10,11
"549","User #25322","Timepoint 37",7.21673026680946,10,11
"550","User #25322","Timepoint 38",7.57822811603546,10,11
"551","User #25322","Timepoint 39",8.46903771162033,10,11
"552","User #25322","Timepoint 40",8.12246978282928,10,11
"553","User #25322","Timepoint 41",5.80910198390484,10,11
"554","User #25322","Timepoint 42",5.29497776180506,10,11
"555","User #25322","Timepoint 43",6.48982346057892,10,11
"556","User #25322","Timepoint 44",7.65354752540588,10,11
"557","User #25322","Timepoint 45",6.65976136922836,10,11
"558","User #25322","Timepoint 46",5.96805885434151,10,11
"559","User #25322","Timepoint 47",6.93000644445419,10,11
"560","User #25322","Timepoint 48",6.70826405286789,10,11
"561","User #25322","Timepoint 49",5.60753963887691,10,11
"562","User #25322","Timepoint 50",5.53329091519117,10,11
"563","User #25322","Timepoint 51",8.16009014844894,10,11
"564","User #25322","Timepoint 52",8.46305817365646,10,11
"565","User #25322","Timepoint 53",6.08022376894951,10,11
"566","User #25322","Timepoint 54",7.12140053510666,10,11
"567","User #25322","Timepoint 55",8.79377335309982,10,11
"568","User #25322","Timepoint 56",7.77459561824799,10,11
"569","User #25322","Timepoint 57",5.76611168682575,10,11
"570","User #25322","Timepoint 58",5.92973187565804,10,11
"571","User #25322","Timepoint 59",7.1831864118576,10,11
"572","User #25322","Timepoint 60",7.61100172996521,10,11
"573","User #25322","Timepoint 61",6.00342854857445,10,11
"574","User #25322","Timepoint 62",5.3776902332902,10,11
"575","User #25322","Timepoint 63",7.09014505147934,10,11
"576","User #25322","Timepoint 64",7.02928379178047,10,11
"577","User #25330","Timepoint 1",0,10,11
"578","User #25330","Timepoint 2",0,10,11
"579","User #25330","Timepoint 3",0,10,11
"580","User #25330","Timepoint 4",0,10,11
"581","User #25330","Timepoint 5",0,10,11
"582","User #25330","Timepoint 6",0,10,11
"583","User #25330","Timepoint 7",0,10,11
"584","User #25330","Timepoint 8",0,10,11
"585","User #25330","Timepoint 9",0,10,11
"586","User #25330","Timepoint 10",0,10,11
"587","User #25330","Timepoint 11",0,10,11
"588","User #25330","Timepoint 12",0,10,11
"589","User #25330","Timepoint 13",0,10,11
"590","User #25330","Timepoint 14",0,10,11
"591","User #25330","Timepoint 15",0,10,11
"592","User #25330","Timepoint 16",0,10,11
"593","User #25330","Timepoint 17",13.7157492637634,10,11
"594","User #25330","Timepoint 18",13.5991778373718,10,11
"595","User #25330","Timepoint 19",13.2673630714417,10,11
"596","User #25330","Timepoint 20",13.3369908332825,10,11
"597","User #25330","Timepoint 21",10.3583779335022,10,11
"598","User #25330","Timepoint 22",8.93288826942444,10,11
"599","User #25330","Timepoint 23",10.148628950119,10,11
"600","User #25330","Timepoint 24",11.6637670993805,10,11
"601","User #25330","Timepoint 25",11.2813630104065,10,11
"602","User #25330","Timepoint 26",11.6112384796143,10,11
"603","User #25330","Timepoint 27",13.4066882133484,10,11
"604","User #25330","Timepoint 28",14.1232805252075,10,11
"605","User #25330","Timepoint 29",10.9459717273712,10,11
"606","User #25330","Timepoint 30",13.4636878967285,10,11
"607","User #25330","Timepoint 31",13.1415066719055,10,11
"608","User #25330","Timepoint 32",14.024977684021,10,11
"609","User #25330","Timepoint 33",13.6610279083252,10,11
"610","User #25330","Timepoint 34",13.3065519332886,10,11
"611","User #25330","Timepoint 35",13.234845161438,10,11
"612","User #25330","Timepoint 36",14.3851594924927,10,11
"613","User #25330","Timepoint 37",9.08506691455841,10,11
"614","User #25330","Timepoint 38",7.95969754457474,10,11
"615","User #25330","Timepoint 39",10.8064534664154,10,11
"616","User #25330","Timepoint 40",12.7789125442505,10,11
"617","User #25330","Timepoint 41",9.8856143951416,10,11
"618","User #25330","Timepoint 42",8.21615189313889,10,11
"619","User #25330","Timepoint 43",10.8120009899139,10,11
"620","User #25330","Timepoint 44",9.98708629608154,10,11
"621","User #25330","Timepoint 45",13.1722846031189,10,11
"622","User #25330","Timepoint 46",12.2412366867065,10,11
"623","User #25330","Timepoint 47",13.9452357292175,10,11
"624","User #25330","Timepoint 48",13.3150839805603,10,11
"625","User #25330","Timepoint 49",9.07864224910736,10,11
"626","User #25330","Timepoint 50",11.133403301239,10,11
"627","User #25330","Timepoint 51",12.2415404319763,10,11
"628","User #25330","Timepoint 52",13.0582723617554,10,11
"629","User #25330","Timepoint 53",10.8311595916748,10,11
"630","User #25330","Timepoint 54",12.0529036521912,10,11
"631","User #25330","Timepoint 55",11.020982503891,10,11
"632","User #25330","Timepoint 56",11.7179982662201,10,11
"633","User #25330","Timepoint 57",10.4223227500916,10,11
"634","User #25330","Timepoint 58",11.5638308525085,10,11
"635","User #25330","Timepoint 59",12.4791851043701,10,11
"636","User #25330","Timepoint 60",12.5835466384888,10,11
"637","User #25330","Timepoint 61",11.7140481472015,10,11
"638","User #25330","Timepoint 62",12.9001564979553,10,11
"639","User #25330","Timepoint 63",13.6727876663208,10,11
"640","User #25330","Timepoint 64",13.6880187988281,10,11
"641","User #25306","Timepoint 1",0,10,11
"642","User #25306","Timepoint 2",0,10,11
"643","User #25306","Timepoint 3",0,10,11
"644","User #25306","Timepoint 4",0,10,11
"645","User #25306","Timepoint 5",0,10,11
"646","User #25306","Timepoint 6",0,10,11
"647","User #25306","Timepoint 7",0,10,11
"648","User #25306","Timepoint 8",0,10,11
"649","User #25306","Timepoint 9",0,10,11
"650","User #25306","Timepoint 10",0,10,11
"651","User #25306","Timepoint 11",0,10,11
"652","User #25306","Timepoint 12",0,10,11
"653","User #25306","Timepoint 13",0,10,11
"654","User #25306","Timepoint 14",0,10,11
"655","User #25306","Timepoint 15",0,10,11
"656","User #25306","Timepoint 16",0,10,11
"657","User #25306","Timepoint 17",12.138685464859,10,11
"658","User #25306","Timepoint 18",9.51536005735397,10,11
"659","User #25306","Timepoint 19",8.65878950059414,10,11
"660","User #25306","Timepoint 20",10.8616825342178,10,11
"661","User #25306","Timepoint 21",15.8760824799538,10,11
"662","User #25306","Timepoint 22",9.99829071760178,10,11
"663","User #25306","Timepoint 23",8.79168611764908,10,11
"664","User #25306","Timepoint 24",7.27064421027899,10,11
"665","User #25306","Timepoint 25",8.55941365659237,10,11
"666","User #25306","Timepoint 26",9.59656339883804,10,11
"667","User #25306","Timepoint 27",10.4298726320267,10,11
"668","User #25306","Timepoint 28",11.2783417105675,10,11
"669","User #25306","Timepoint 29",14.3530796766281,10,11
"670","User #25306","Timepoint 30",9.59290808439255,10,11
"671","User #25306","Timepoint 31",10.8200549185276,10,11
"672","User #25306","Timepoint 32",10.6242026984692,10,11
"673","User #25306","Timepoint 33",12.923258960247,10,11
"674","User #25306","Timepoint 34",10.0000035762787,10,11
"675","User #25306","Timepoint 35",14.8433005809784,10,11
"676","User #25306","Timepoint 36",9.18096423149109,10,11
"677","User #25306","Timepoint 37",9.72329723834991,10,11
"678","User #25306","Timepoint 38",11.8219256997108,10,11
"679","User #25306","Timepoint 39",13.166962325573,10,11
"680","User #25306","Timepoint 40",9.2084142267704,10,11
"681","User #25306","Timepoint 41",8.6568371206522,10,11
"682","User #25306","Timepoint 42",7.12100732326508,10,11
"683","User #25306","Timepoint 43",9.04197014868259,10,11
"684","User #25306","Timepoint 44",7.77511884272099,10,11
"685","User #25306","Timepoint 45",9.39081811904907,10,11
"686","User #25306","Timepoint 46",9.40047460794449,10,11
"687","User #25306","Timepoint 47",10.8039117753506,10,11
"688","User #25306","Timepoint 48",10.3099202215672,10,11
"689","User #25306","Timepoint 49",10.5591593980789,10,11
"690","User #25306","Timepoint 50",9.80312728881836,10,11
"691","User #25306","Timepoint 51",11.9807339310646,10,11
"692","User #25306","Timepoint 52",13.4488565921783,10,11
"693","User #25306","Timepoint 53",11.4100014269352,10,11
"694","User #25306","Timepoint 54",11.0971228182316,10,11
"695","User #25306","Timepoint 55",12.1031767725945,10,11
"696","User #25306","Timepoint 56",11.0479804575443,10,11
"697","User #25306","Timepoint 57",13.6825161576271,10,11
"698","User #25306","Timepoint 58",10.1434100270271,10,11
"699","User #25306","Timepoint 59",8.63989146053791,10,11
"700","User #25306","Timepoint 60",10.0268291532993,10,11
"701","User #25306","Timepoint 61",9.63405531644821,10,11
"702","User #25306","Timepoint 62",9.84321853518486,10,11
"703","User #25306","Timepoint 63",8.25306421518326,10,11
"704","User #25306","Timepoint 64",9.16192671656609,10,11
"705","User #25317","Timepoint 1",0,10,11
"706","User #25317","Timepoint 2",0,10,11
"707","User #25317","Timepoint 3",0,10,11
"708","User #25317","Timepoint 4",0,10,11
"709","User #25317","Timepoint 5",0,10,11
"710","User #25317","Timepoint 6",0,10,11
"711","User #25317","Timepoint 7",0,10,11
"712","User #25317","Timepoint 8",0,10,11
"713","User #25317","Timepoint 9",0,10,11
"714","User #25317","Timepoint 10",0,10,11
"715","User #25317","Timepoint 11",0,10,11
"716","User #25317","Timepoint 12",0,10,11
"717","User #25317","Timepoint 13",0,10,11
"718","User #25317","Timepoint 14",0,10,11
"719","User #25317","Timepoint 15",0,10,11
"720","User #25317","Timepoint 16",0,10,11
"721","User #25317","Timepoint 17",12.138685464859,10,11
"722","User #25317","Timepoint 18",9.51536005735397,10,11
"723","User #25317","Timepoint 19",8.65878950059414,10,11
"724","User #25317","Timepoint 20",10.8616825342178,10,11
"725","User #25317","Timepoint 21",15.8760824799538,10,11
"726","User #25317","Timepoint 22",9.99829071760178,10,11
"727","User #25317","Timepoint 23",8.79168611764908,10,11
"728","User #25317","Timepoint 24",7.27064421027899,10,11
"729","User #25317","Timepoint 25",8.55941365659237,10,11
"730","User #25317","Timepoint 26",9.59656339883804,10,11
"731","User #25317","Timepoint 27",10.4298726320267,10,11
"732","User #25317","Timepoint 28",11.2783417105675,10,11
"733","User #25317","Timepoint 29",14.3530796766281,10,11
"734","User #25317","Timepoint 30",9.59290808439255,10,11
"735","User #25317","Timepoint 31",10.8200549185276,10,11
"736","User #25317","Timepoint 32",10.6242026984692,10,11
"737","User #25317","Timepoint 33",12.923258960247,10,11
"738","User #25317","Timepoint 34",10.0000035762787,10,11
"739","User #25317","Timepoint 35",14.8433005809784,10,11
"740","User #25317","Timepoint 36",9.18096423149109,10,11
"741","User #25317","Timepoint 37",9.72329723834991,10,11
"742","User #25317","Timepoint 38",11.8219256997108,10,11
"743","User #25317","Timepoint 39",13.166962325573,10,11
"744","User #25317","Timepoint 40",9.2084142267704,10,11
"745","User #25317","Timepoint 41",8.6568371206522,10,11
"746","User #25317","Timepoint 42",7.12100732326508,10,11
"747","User #25317","Timepoint 43",9.04197014868259,10,11
"748","User #25317","Timepoint 44",7.77511884272099,10,11
"749","User #25317","Timepoint 45",9.39081811904907,10,11
"750","User #25317","Timepoint 46",9.40047460794449,10,11
"751","User #25317","Timepoint 47",10.8039117753506,10,11
"752","User #25317","Timepoint 48",10.3099202215672,10,11
"753","User #25317","Timepoint 49",10.5591593980789,10,11
"754","User #25317","Timepoint 50",9.80312728881836,10,11
"755","User #25317","Timepoint 51",11.9807339310646,10,11
"756","User #25317","Timepoint 52",13.4488565921783,10,11
"757","User #25317","Timepoint 53",11.4100014269352,10,11
"758","User #25317","Timepoint 54",11.0971228182316,10,11
"759","User #25317","Timepoint 55",12.1031767725945,10,11
"760","User #25317","Timepoint 56",11.0479804575443,10,11
"761","User #25317","Timepoint 57",13.6825161576271,10,11
"762","User #25317","Timepoint 58",10.1434100270271,10,11
"763","User #25317","Timepoint 59",8.63989146053791,10,11
"764","User #25317","Timepoint 60",10.0268291532993,10,11
"765","User #25317","Timepoint 61",9.63405531644821,10,11
"766","User #25317","Timepoint 62",9.84321853518486,10,11
"767","User #25317","Timepoint 63",8.25306421518326,10,11
"768","User #25317","Timepoint 64",9.16192671656609,10,11
"769","User #25300","Timepoint 1",0,10,11
"770","User #25300","Timepoint 2",0,10,11
"771","User #25300","Timepoint 3",0,10,11
"772","User #25300","Timepoint 4",0,10,11
"773","User #25300","Timepoint 5",0,10,11
"774","User #25300","Timepoint 6",0,10,11
"775","User #25300","Timepoint 7",0,10,11
"776","User #25300","Timepoint 8",0,10,11
"777","User #25300","Timepoint 9",0,10,11
"778","User #25300","Timepoint 10",0,10,11
"779","User #25300","Timepoint 11",0,10,11
"780","User #25300","Timepoint 12",0,10,11
"781","User #25300","Timepoint 13",0,10,11
"782","User #25300","Timepoint 14",0,10,11
"783","User #25300","Timepoint 15",0,10,11
"784","User #25300","Timepoint 16",0,10,11
"785","User #25300","Timepoint 17",7.79487562179565,10,11
"786","User #25300","Timepoint 18",8.07056522369385,10,11
"787","User #25300","Timepoint 19",8.28685760498047,10,11
"788","User #25300","Timepoint 20",7.78589606285095,10,11
"789","User #25300","Timepoint 21",5.8935649394989,10,11
"790","User #25300","Timepoint 22",5.66500383615494,10,11
"791","User #25300","Timepoint 23",7.567791223526,10,11
"792","User #25300","Timepoint 24",9.99335670471191,10,11
"793","User #25300","Timepoint 25",9.73262977600098,10,11
"794","User #25300","Timepoint 26",10.7615094184875,10,11
"795","User #25300","Timepoint 27",7.89449667930603,10,11
"796","User #25300","Timepoint 28",6.13361573219299,10,11
"797","User #25300","Timepoint 29",7.03234839439392,10,11
"798","User #25300","Timepoint 30",5.93823957443237,10,11
"799","User #25300","Timepoint 31",10.3607926368713,10,11
"800","User #25300","Timepoint 32",10.2837290763855,10,11
"801","User #25300","Timepoint 33",7.33096599578857,10,11
"802","User #25300","Timepoint 34",5.49993434548378,10,11
"803","User #25300","Timepoint 35",4.98663628101349,10,11
"804","User #25300","Timepoint 36",5.74678766727448,10,11
"805","User #25300","Timepoint 37",6.2901394367218,10,11
"806","User #25300","Timepoint 38",6.48989677429199,10,11
"807","User #25300","Timepoint 39",7.97415542602539,10,11
"808","User #25300","Timepoint 40",7.68014097213745,10,11
"809","User #25300","Timepoint 41",2.69463682174683,10,11
"810","User #25300","Timepoint 42",6.09822523593903,10,11
"811","User #25300","Timepoint 43",7.48186540603638,10,11
"812","User #25300","Timepoint 44",6.70628523826599,10,11
"813","User #25300","Timepoint 45",6.5562709569931,10,11
"814","User #25300","Timepoint 46",9.87920570373535,10,11
"815","User #25300","Timepoint 47",9.83866882324219,10,11
"816","User #25300","Timepoint 48",10.4694476127625,10,11
"817","User #25300","Timepoint 49",7.24323296546936,10,11
"818","User #25300","Timepoint 50",9.02422547340393,10,11
"819","User #25300","Timepoint 51",9.37352561950684,10,11
"820","User #25300","Timepoint 52",7.7931153178215,10,11
"821","User #25300","Timepoint 53",7.49064546823502,10,11
"822","User #25300","Timepoint 54",7.29468721151352,10,11
"823","User #25300","Timepoint 55",5.72081278264523,10,11
"824","User #25300","Timepoint 56",5.98919528722763,10,11
"825","User #25300","Timepoint 57",5.37782655656338,10,11
"826","User #25300","Timepoint 58",6.38855278491974,10,11
"827","User #25300","Timepoint 59",6.15860387682915,10,11
"828","User #25300","Timepoint 60",6.08705139160156,10,11
"829","User #25300","Timepoint 61",5.51596930623055,10,11
"830","User #25300","Timepoint 62",5.06550486385822,10,11
"831","User #25300","Timepoint 63",5.08635523915291,10,11
"832","User #25300","Timepoint 64",5.86733877658844,10,11
"833","User #25394","Timepoint 1",0,10,11
"834","User #25394","Timepoint 2",0,10,11
"835","User #25394","Timepoint 3",0,10,11
"836","User #25394","Timepoint 4",0,10,11
"837","User #25394","Timepoint 5",0,10,11
"838","User #25394","Timepoint 6",0,10,11
"839","User #25394","Timepoint 7",0,10,11
"840","User #25394","Timepoint 8",0,10,11
"841","User #25394","Timepoint 9",0,10,11
"842","User #25394","Timepoint 10",0,10,11
"843","User #25394","Timepoint 11",0,10,11
"844","User #25394","Timepoint 12",0,10,11
"845","User #25394","Timepoint 13",0,10,11
"846","User #25394","Timepoint 14",0,10,11
"847","User #25394","Timepoint 15",0,10,11
"848","User #25394","Timepoint 16",0,10,11
"849","User #25394","Timepoint 17",8.606281042099,10,11
"850","User #25394","Timepoint 18",7.44993007183075,10,11
"851","User #25394","Timepoint 19",5.9728985875845,10,11
"852","User #25394","Timepoint 20",10.0869402885437,10,11
"853","User #25394","Timepoint 21",10.3337100744247,10,11
"854","User #25394","Timepoint 22",6.56705582886934,10,11
"855","User #25394","Timepoint 23",5.83245301991701,10,11
"856","User #25394","Timepoint 24",11.4210567474365,10,11
"857","User #25394","Timepoint 25",9.34067225456238,10,11
"858","User #25394","Timepoint 26",9.46760541200638,10,11
"859","User #25394","Timepoint 27",6.18222011625767,10,11
"860","User #25394","Timepoint 28",8.79552489519119,10,11
"861","User #25394","Timepoint 29",6.44743973761797,10,11
"862","User #25394","Timepoint 30",9.77174496650696,10,11
"863","User #25394","Timepoint 31",7.20229214429855,10,11
"864","User #25394","Timepoint 32",8.4383157491684,10,11
"865","User #25394","Timepoint 33",9.94623279571533,10,11
"866","User #25394","Timepoint 34",7.41164839267731,10,11
"867","User #25394","Timepoint 35",6.432955250144,10,11
"868","User #25394","Timepoint 36",7.06110975146294,10,11
"869","User #25394","Timepoint 37",9.61729681491852,10,11
"870","User #25394","Timepoint 38",7.79841786623001,10,11
"871","User #25394","Timepoint 39",7.33418098092079,10,11
"872","User #25394","Timepoint 40",8.47953027486801,10,11
"873","User #25394","Timepoint 41",7.9029313325882,10,11
"874","User #25394","Timepoint 42",5.95479218661785,10,11
"875","User #25394","Timepoint 43",6.81864655017853,10,11
"876","User #25394","Timepoint 44",9.07452321052551,10,11
"877","User #25394","Timepoint 45",8.88277983665466,10,11
"878","User #25394","Timepoint 46",8.23268777132034,10,11
"879","User #25394","Timepoint 47",6.89048191905022,10,11
"880","User #25394","Timepoint 48",7.99644446372986,10,11
"881","User #25394","Timepoint 49",8.91256523132324,10,11
"882","User #25394","Timepoint 50",6.99633967876434,10,11
"883","User #25394","Timepoint 51",5.91206559538841,10,11
"884","User #25394","Timepoint 52",8.25407671928406,10,11
"885","User #25394","Timepoint 53",8.09077191352844,10,11
"886","User #25394","Timepoint 54",8.17541098594666,10,11
"887","User #25394","Timepoint 55",6.05133105814457,10,11
"888","User #25394","Timepoint 56",7.92800545692444,10,11
"889","User #25394","Timepoint 57",8.94416785240173,10,11
"890","User #25394","Timepoint 58",7.18341898918152,10,11
"891","User #25394","Timepoint 59",6.08827489614487,10,11
"892","User #25394","Timepoint 60",8.31308531761169,10,11
"893","User #25394","Timepoint 61",8.02631759643555,10,11
"894","User #25394","Timepoint 62",8.94871377944946,10,11
"895","User #25394","Timepoint 63",7.16294622421265,10,11
"896","User #25394","Timepoint 64",8.0500922203064,10,11
"897","User #25305","Timepoint 1",0,10,11
"898","User #25305","Timepoint 2",0,10,11
"899","User #25305","Timepoint 3",0,10,11
"900","User #25305","Timepoint 4",0,10,11
"901","User #25305","Timepoint 5",0,10,11
"902","User #25305","Timepoint 6",0,10,11
"903","User #25305","Timepoint 7",0,10,11
"904","User #25305","Timepoint 8",0,10,11
"905","User #25305","Timepoint 9",0,10,11
"906","User #25305","Timepoint 10",0,10,11
"907","User #25305","Timepoint 11",0,10,11
"908","User #25305","Timepoint 12",0,10,11
"909","User #25305","Timepoint 13",0,10,11
"910","User #25305","Timepoint 14",0,10,11
"911","User #25305","Timepoint 15",0,10,11
"912","User #25305","Timepoint 16",0,10,11
"913","User #25305","Timepoint 17",8.24733531475067,10,11
"914","User #25305","Timepoint 18",8.15120643377304,10,11
"915","User #25305","Timepoint 19",8.40219905972481,10,11
"916","User #25305","Timepoint 20",8.25057631731033,10,11
"917","User #25305","Timepoint 21",8.38938942551613,10,11
"918","User #25305","Timepoint 22",8.29199469089508,10,11
"919","User #25305","Timepoint 23",8.20313832163811,10,11
"920","User #25305","Timepoint 24",8.08866953849792,10,11
"921","User #25305","Timepoint 25",8.22036480903625,10,11
"922","User #25305","Timepoint 26",8.16932266950607,10,11
"923","User #25305","Timepoint 27",8.3964050412178,10,11
"924","User #25305","Timepoint 28",8.25203573703766,10,11
"925","User #25305","Timepoint 29",8.39237889647484,10,11
"926","User #25305","Timepoint 30",8.29395553469658,10,11
"927","User #25305","Timepoint 31",8.25011482834816,10,11
"928","User #25305","Timepoint 32",8.15021416544914,10,11
"929","User #25305","Timepoint 33",8.13525921106339,10,11
"930","User #25305","Timepoint 34",8.20727115869522,10,11
"931","User #25305","Timepoint 35",8.38683849573135,10,11
"932","User #25305","Timepoint 36",8.25732818245888,10,11
"933","User #25305","Timepoint 37",8.39996060729027,10,11
"934","User #25305","Timepoint 38",8.29109957814217,10,11
"935","User #25305","Timepoint 39",8.37225547432899,10,11
"936","User #25305","Timepoint 40",8.30680480599403,10,11
"937","User #25305","Timepoint 41",8.24162220954895,10,11
"938","User #25305","Timepoint 42",8.21522092819214,10,11
"939","User #25305","Timepoint 43",8.37875863909721,10,11
"940","User #25305","Timepoint 44",8.26199924945831,10,11
"941","User #25305","Timepoint 45",8.41551026701927,10,11
"942","User #25305","Timepoint 46",8.32957094907761,10,11
"943","User #25305","Timepoint 47",8.36547842621803,10,11
"944","User #25305","Timepoint 48",8.33424082398415,10,11
"945","User #25305","Timepoint 49",7.79304885864258,10,11
"946","User #25305","Timepoint 50",7.77209568023682,10,11
"947","User #25305","Timepoint 51",7.90343296527863,10,11
"948","User #25305","Timepoint 52",7.80957698822021,10,11
"949","User #25305","Timepoint 53",7.93180000782013,10,11
"950","User #25305","Timepoint 54",7.86492002010345,10,11
"951","User #25305","Timepoint 55",7.89198672771454,10,11
"952","User #25305","Timepoint 56",7.86560213565826,10,11
"953","User #25305","Timepoint 57",7.78598308563232,10,11
"954","User #25305","Timepoint 58",7.77477526664734,10,11
"955","User #25305","Timepoint 59",7.91947293281555,10,11
"956","User #25305","Timepoint 60",7.79005980491638,10,11
"957","User #25305","Timepoint 61",7.94941246509552,10,11
"958","User #25305","Timepoint 62",7.84379494190216,10,11
"959","User #25305","Timepoint 63",7.90752375125885,10,11
"960","User #25305","Timepoint 64",7.8530524969101,10,11
"961","User #25322","Timepoint 1",0,10,11
"962","User #25322","Timepoint 2",0,10,11
"963","User #25322","Timepoint 3",0,10,11
"964","User #25322","Timepoint 4",0,10,11
"965","User #25322","Timepoint 5",0,10,11
"966","User #25322","Timepoint 6",0,10,11
"967","User #25322","Timepoint 7",0,10,11
"968","User #25322","Timepoint 8",0,10,11
"969","User #25322","Timepoint 9",0,10,11
"970","User #25322","Timepoint 10",0,10,11
"971","User #25322","Timepoint 11",0,10,11
"972","User #25322","Timepoint 12",0,10,11
"973","User #25322","Timepoint 13",0,10,11
"974","User #25322","Timepoint 14",0,10,11
"975","User #25322","Timepoint 15",0,10,11
"976","User #25322","Timepoint 16",0,10,11
"977","User #25322","Timepoint 17",7.79487562179565,10,11
"978","User #25322","Timepoint 18",8.07056522369385,10,11
"979","User #25322","Timepoint 19",8.28685760498047,10,11
"980","User #25322","Timepoint 20",7.78589606285095,10,11
"981","User #25322","Timepoint 21",5.8935649394989,10,11
"982","User #25322","Timepoint 22",5.66500383615494,10,11
"983","User #25322","Timepoint 23",7.567791223526,10,11
"984","User #25322","Timepoint 24",9.99335670471191,10,11
"985","User #25322","Timepoint 25",9.73262977600098,10,11
"986","User #25322","Timepoint 26",10.7615094184875,10,11
"987","User #25322","Timepoint 27",7.89449667930603,10,11
"988","User #25322","Timepoint 28",6.13361573219299,10,11
"989","User #25322","Timepoint 29",7.03234839439392,10,11
"990","User #25322","Timepoint 30",5.93823957443237,10,11
"991","User #25322","Timepoint 31",10.3607926368713,10,11
"992","User #25322","Timepoint 32",10.2837290763855,10,11
"993","User #25322","Timepoint 33",7.33096599578857,10,11
"994","User #25322","Timepoint 34",5.49993434548378,10,11
"995","User #25322","Timepoint 35",4.98663628101349,10,11
"996","User #25322","Timepoint 36",5.74678766727448,10,11
"997","User #25322","Timepoint 37",6.2901394367218,10,11
"998","User #25322","Timepoint 38",6.48989677429199,10,11
"999","User #25322","Timepoint 39",7.97415542602539,10,11
"1000","User #25322","Timepoint 40",7.68014097213745,10,11
"1001","User #25322","Timepoint 41",2.69463682174683,10,11
"1002","User #25322","Timepoint 42",6.09822523593903,10,11
"1003","User #25322","Timepoint 43",7.48186540603638,10,11
"1004","User #25322","Timepoint 44",6.70628523826599,10,11
"1005","User #25322","Timepoint 45",6.5562709569931,10,11
"1006","User #25322","Timepoint 46",9.87920570373535,10,11
"1007","User #25322","Timepoint 47",9.83866882324219,10,11
"1008","User #25322","Timepoint 48",10.4694476127625,10,11
"1009","User #25322","Timepoint 49",7.24323296546936,10,11
"1010","User #25322","Timepoint 50",9.02422547340393,10,11
"1011","User #25322","Timepoint 51",9.37352561950684,10,11
"1012","User #25322","Timepoint 52",7.7931153178215,10,11
"1013","User #25322","Timepoint 53",7.49064546823502,10,11
"1014","User #25322","Timepoint 54",7.29468721151352,10,11
"1015","User #25322","Timepoint 55",5.72081278264523,10,11
"1016","User #25322","Timepoint 56",5.98919528722763,10,11
"1017","User #25322","Timepoint 57",5.37782655656338,10,11
"1018","User #25322","Timepoint 58",6.38855278491974,10,11
"1019","User #25322","Timepoint 59",6.15860387682915,10,11
"1020","User #25322","Timepoint 60",6.08705139160156,10,11
"1021","User #25322","Timepoint 61",5.51596930623055,10,11
"1022","User #25322","Timepoint 62",5.06550486385822,10,11
"1023","User #25322","Timepoint 63",5.08635523915291,10,11
"1024","User #25322","Timepoint 64",5.86733877658844,10,11
"1025","User #25353","Timepoint 1",0,10,11
"1026","User #25353","Timepoint 2",0,10,11
"1027","User #25353","Timepoint 3",0,10,11
"1028","User #25353","Timepoint 4",0,10,11
"1029","User #25353","Timepoint 5",0,10,11
"1030","User #25353","Timepoint 6",0,10,11
"1031","User #25353","Timepoint 7",0,10,11
"1032","User #25353","Timepoint 8",0,10,11
"1033","User #25353","Timepoint 9",0,10,11
"1034","User #25353","Timepoint 10",0,10,11
"1035","User #25353","Timepoint 11",0,10,11
"1036","User #25353","Timepoint 12",0,10,11
"1037","User #25353","Timepoint 13",0,10,11
"1038","User #25353","Timepoint 14",0,10,11
"1039","User #25353","Timepoint 15",0,10,11
"1040","User #25353","Timepoint 16",0,10,11
"1041","User #25353","Timepoint 17",9.89965033531189,10,11
"1042","User #25353","Timepoint 18",10.9868956804276,10,11
"1043","User #25353","Timepoint 19",12.6663209199905,10,11
"1044","User #25353","Timepoint 20",8.90122216939926,10,11
"1045","User #25353","Timepoint 21",7.07298573851585,10,11
"1046","User #25353","Timepoint 22",9.27919697761536,10,11
"1047","User #25353","Timepoint 23",13.8516772985458,10,11
"1048","User #25353","Timepoint 24",13.7874085903168,10,11
"1049","User #25353","Timepoint 25",9.06087961792946,10,11
"1050","User #25353","Timepoint 26",7.29450193047523,10,11
"1051","User #25353","Timepoint 27",10.4005743265152,10,11
"1052","User #25353","Timepoint 28",13.6272521018982,10,11
"1053","User #25353","Timepoint 29",16.1346484422684,10,11
"1054","User #25353","Timepoint 30",9.36682802438736,10,11
"1055","User #25353","Timepoint 31",11.1357007622719,10,11
"1056","User #25353","Timepoint 32",12.4746115207672,10,11
"1057","User #25353","Timepoint 33",12.4193270206451,10,11
"1058","User #25353","Timepoint 34",16.0001827478409,10,11
"1059","User #25353","Timepoint 35",14.3567008972168,10,11
"1060","User #25353","Timepoint 36",16.1854953765869,10,11
"1061","User #25353","Timepoint 37",12.7238382101059,10,11
"1062","User #25353","Timepoint 38",12.6443279981613,10,11
"1063","User #25353","Timepoint 39",11.6821597218513,10,11
"1064","User #25353","Timepoint 40",13.544389128685,10,11
"1065","User #25353","Timepoint 41",6.92320045828819,10,11
"1066","User #25353","Timepoint 42",10.4262683987617,10,11
"1067","User #25353","Timepoint 43",13.263781785965,10,11
"1068","User #25353","Timepoint 44",12.1046818494797,10,11
"1069","User #25353","Timepoint 45",8.9393602013588,10,11
"1070","User #25353","Timepoint 46",9.7282902598381,10,11
"1071","User #25353","Timepoint 47",10.649340569973,10,11
"1072","User #25353","Timepoint 48",12.9371215105057,10,11
"1073","User #25353","Timepoint 49",12.7355971336365,10,11
"1074","User #25353","Timepoint 50",9.07812297344208,10,11
"1075","User #25353","Timepoint 51",8.46046482026577,10,11
"1076","User #25353","Timepoint 52",7.54383920133114,10,11
"1077","User #25353","Timepoint 53",10.6386986970901,10,11
"1078","User #25353","Timepoint 54",9.87467548251152,10,11
"1079","User #25353","Timepoint 55",8.9503798186779,10,11
"1080","User #25353","Timepoint 56",10.1490592956543,10,11
"1081","User #25353","Timepoint 57",9.01909291744232,10,11
"1082","User #25353","Timepoint 58",8.5360327064991,10,11
"1083","User #25353","Timepoint 59",12.7372145056725,10,11
"1084","User #25353","Timepoint 60",11.8997038602829,10,11
"1085","User #25353","Timepoint 61",9.9546018242836,10,11
"1086","User #25353","Timepoint 62",11.3519404530525,10,11
"1087","User #25353","Timepoint 63",12.6954235434532,10,11
"1088","User #25353","Timepoint 64",12.1120344996452,10,11
"1089","User #25301","Timepoint 1",0,10,11
"1090","User #25301","Timepoint 2",0,10,11
"1091","User #25301","Timepoint 3",0,10,11
"1092","User #25301","Timepoint 4",0,10,11
"1093","User #25301","Timepoint 5",0,10,11
"1094","User #25301","Timepoint 6",0,10,11
"1095","User #25301","Timepoint 7",0,10,11
"1096","User #25301","Timepoint 8",0,10,11
"1097","User #25301","Timepoint 9",0,10,11
"1098","User #25301","Timepoint 10",0,10,11
"1099","User #25301","Timepoint 11",0,10,11
"1100","User #25301","Timepoint 12",0,10,11
"1101","User #25301","Timepoint 13",0,10,11
"1102","User #25301","Timepoint 14",0,10,11
"1103","User #25301","Timepoint 15",0,10,11
"1104","User #25301","Timepoint 16",0,10,11
"1105","User #25301","Timepoint 17",9.95151275396347,10,11
"1106","User #25301","Timepoint 18",8.80163645744324,10,11
"1107","User #25301","Timepoint 19",8.98922315239906,10,11
"1108","User #25301","Timepoint 20",13.589632153511,10,11
"1109","User #25301","Timepoint 21",14.5992954969406,10,11
"1110","User #25301","Timepoint 22",8.25452840328217,10,11
"1111","User #25301","Timepoint 23",7.6714893579483,10,11
"1112","User #25301","Timepoint 24",9.6227850317955,10,11
"1113","User #25301","Timepoint 25",8.87616956233978,10,11
"1114","User #25301","Timepoint 26",10.9881895780563,10,11
"1115","User #25301","Timepoint 27",7.9747084826231,10,11
"1116","User #25301","Timepoint 28",17.2603223323822,10,11
"1117","User #25301","Timepoint 29",13.5952274799347,10,11
"1118","User #25301","Timepoint 30",13.107218503952,10,11
"1119","User #25301","Timepoint 31",7.31454118341208,10,11
"1120","User #25301","Timepoint 32",13.8605720996857,10,11
"1121","User #25301","Timepoint 33",10.2273523807526,10,11
"1122","User #25301","Timepoint 34",12.8115939497948,10,11
"1123","User #25301","Timepoint 35",10.1634388566017,10,11
"1124","User #25301","Timepoint 36",10.9441845715046,10,11
"1125","User #25301","Timepoint 37",14.3827804923058,10,11
"1126","User #25301","Timepoint 38",17.1560056209564,10,11
"1127","User #25301","Timepoint 39",9.7663916349411,10,11
"1128","User #25301","Timepoint 40",11.8011811971664,10,11
"1129","User #25301","Timepoint 41",5.6831512004137,10,11
"1130","User #25301","Timepoint 42",6.00086939334869,10,11
"1131","User #25301","Timepoint 43",7.96901366114616,10,11
"1132","User #25301","Timepoint 44",9.62797483801842,10,11
"1133","User #25301","Timepoint 45",9.92090499401093,10,11
"1134","User #25301","Timepoint 46",11.0643185377121,10,11
"1135","User #25301","Timepoint 47",9.81991538405418,10,11
"1136","User #25301","Timepoint 48",8.80528515577316,10,11
"1137","User #25301","Timepoint 49",7.14801039546728,10,11
"1138","User #25301","Timepoint 50",9.15752452611923,10,11
"1139","User #25301","Timepoint 51",11.1973780095577,10,11
"1140","User #25301","Timepoint 52",8.83845749497414,10,11
"1141","User #25301","Timepoint 53",10.7927760481834,10,11
"1142","User #25301","Timepoint 54",12.4964972138405,10,11
"1143","User #25301","Timepoint 55",10.4223144948483,10,11
"1144","User #25301","Timepoint 56",8.66160446405411,10,11
"1145","User #25301","Timepoint 57",6.03838230669498,10,11
"1146","User #25301","Timepoint 58",6.59647677838802,10,11
"1147","User #25301","Timepoint 59",10.1356599032879,10,11
"1148","User #25301","Timepoint 60",12.0145313739777,10,11
"1149","User #25301","Timepoint 61",9.27237623929977,10,11
"1150","User #25301","Timepoint 62",10.7102518677711,10,11
"1151","User #25301","Timepoint 63",10.1672154068947,10,11
"1152","User #25301","Timepoint 64",11.2595429122448,10,11
"1153","User #25378","Timepoint 1",0,10,11
"1154","User #25378","Timepoint 2",0,10,11
"1155","User #25378","Timepoint 3",0,10,11
"1156","User #25378","Timepoint 4",0,10,11
"1157","User #25378","Timepoint 5",0,10,11
"1158","User #25378","Timepoint 6",0,10,11
"1159","User #25378","Timepoint 7",0,10,11
"1160","User #25378","Timepoint 8",0,10,11
"1161","User #25378","Timepoint 9",0,10,11
"1162","User #25378","Timepoint 10",0,10,11
"1163","User #25378","Timepoint 11",0,10,11
"1164","User #25378","Timepoint 12",0,10,11
"1165","User #25378","Timepoint 13",0,10,11
"1166","User #25378","Timepoint 14",0,10,11
"1167","User #25378","Timepoint 15",0,10,11
"1168","User #25378","Timepoint 16",0,10,11
"1169","User #25378","Timepoint 17",11.2308155298233,10,11
"1170","User #25378","Timepoint 18",6.91319032013416,10,11
"1171","User #25378","Timepoint 19",11.5512526035309,10,11
"1172","User #25378","Timepoint 20",7.02527379989624,10,11
"1173","User #25378","Timepoint 21",11.2351644635201,10,11
"1174","User #25378","Timepoint 22",0.619737833738327,10,11
"1175","User #25378","Timepoint 23",0.529705196619034,10,11
"1176","User #25378","Timepoint 24",18.6333712339401,10,11
"1177","User #25378","Timepoint 25",4.71898375451565,10,11
"1178","User #25378","Timepoint 26",7.84347468614578,10,11
"1179","User #25378","Timepoint 27",4.79748309403658,10,11
"1180","User #25378","Timepoint 28",7.28053238987923,10,11
"1181","User #25378","Timepoint 29",5.83326772600412,10,11
"1182","User #25378","Timepoint 30",7.67121008038521,10,11
"1183","User #25378","Timepoint 31",6.93237790465355,10,11
"1184","User #25378","Timepoint 32",9.95126986503601,10,11
"1185","User #25378","Timepoint 33",7.84107571840286,10,11
"1186","User #25378","Timepoint 34",9.34262728691101,10,11
"1187","User #25378","Timepoint 35",11.441620528698,10,11
"1188","User #25378","Timepoint 36",10.7663406133652,10,11
"1189","User #25378","Timepoint 37",7.96045842766762,10,11
"1190","User #25378","Timepoint 38",6.85811786353588,10,11
"1191","User #25378","Timepoint 39",7.16190391778946,10,11
"1192","User #25378","Timepoint 40",5.0579526796937,10,11
"1193","User #25378","Timepoint 41",9.08135545253754,10,11
"1194","User #25378","Timepoint 42",7.01772955060005,10,11
"1195","User #25378","Timepoint 43",5.31343087553978,10,11
"1196","User #25378","Timepoint 44",7.25535771250725,10,11
"1197","User #25378","Timepoint 45",11.1818485856056,10,11
"1198","User #25378","Timepoint 46",5.62102217972279,10,11
"1199","User #25378","Timepoint 47",6.43055349588394,10,11
"1200","User #25378","Timepoint 48",8.58527901768684,10,11
"1201","User #25378","Timepoint 49",6.2074960321188,10,11
"1202","User #25378","Timepoint 50",6.40096685290337,10,11
"1203","User #25378","Timepoint 51",6.63107360899448,10,11
"1204","User #25378","Timepoint 52",6.93911981582642,10,11
"1205","User #25378","Timepoint 53",6.915981143713,10,11
"1206","User #25378","Timepoint 54",7.15922123193741,10,11
"1207","User #25378","Timepoint 55",6.43201208114624,10,11
"1208","User #25378","Timepoint 56",6.74392801523209,10,11
"1209","User #25378","Timepoint 57",8.05806690454483,10,11
"1210","User #25378","Timepoint 58",9.26265305280685,10,11
"1211","User #25378","Timepoint 59",6.8849148452282,10,11
"1212","User #25378","Timepoint 60",6.5405298769474,10,11
"1213","User #25378","Timepoint 61",6.20969370007515,10,11
"1214","User #25378","Timepoint 62",6.04891607165337,10,11
"1215","User #25378","Timepoint 63",6.78487709164619,10,11
"1216","User #25378","Timepoint 64",8.3140267431736,10,11
"1217","User #25360","Timepoint 1",0,10,11
"1218","User #25360","Timepoint 2",0,10,11
"1219","User #25360","Timepoint 3",0,10,11
"1220","User #25360","Timepoint 4",0,10,11
"1221","User #25360","Timepoint 5",0,10,11
"1222","User #25360","Timepoint 6",0,10,11
"1223","User #25360","Timepoint 7",0,10,11
"1224","User #25360","Timepoint 8",0,10,11
"1225","User #25360","Timepoint 9",0,10,11
"1226","User #25360","Timepoint 10",0,10,11
"1227","User #25360","Timepoint 11",0,10,11
"1228","User #25360","Timepoint 12",0,10,11
"1229","User #25360","Timepoint 13",0,10,11
"1230","User #25360","Timepoint 14",0,10,11
"1231","User #25360","Timepoint 15",0,10,11
"1232","User #25360","Timepoint 16",0,10,11
"1233","User #25360","Timepoint 17",8.60831695795059,10,11
"1234","User #25360","Timepoint 18",9.17293477058411,10,11
"1235","User #25360","Timepoint 19",7.56951960921288,10,11
"1236","User #25360","Timepoint 20",7.58585269749165,10,11
"1237","User #25360","Timepoint 21",11.7186067700386,10,11
"1238","User #25360","Timepoint 22",9.33355885744095,10,11
"1239","User #25360","Timepoint 23",8.65573793649673,10,11
"1240","User #25360","Timepoint 24",10.4358274936676,10,11
"1241","User #25360","Timepoint 25",11.5895008444786,10,11
"1242","User #25360","Timepoint 26",8.77192550897598,10,11
"1243","User #25360","Timepoint 27",8.60856646299362,10,11
"1244","User #25360","Timepoint 28",9.47477599978447,10,11
"1245","User #25360","Timepoint 29",8.08610790967941,10,11
"1246","User #25360","Timepoint 30",6.99167416989803,10,11
"1247","User #25360","Timepoint 31",6.81526309996843,10,11
"1248","User #25360","Timepoint 32",8.16486722230911,10,11
"1249","User #25360","Timepoint 33",7.59533524513245,10,11
"1250","User #25360","Timepoint 34",7.55841559171677,10,11
"1251","User #25360","Timepoint 35",6.26325567066669,10,11
"1252","User #25360","Timepoint 36",6.3737386316061,10,11
"1253","User #25360","Timepoint 37",7.42027512192726,10,11
"1254","User #25360","Timepoint 38",9.49119180440903,10,11
"1255","User #25360","Timepoint 39",9.43957826495171,10,11
"1256","User #25360","Timepoint 40",10.1807152628899,10,11
"1257","User #25360","Timepoint 41",8.3035928606987,10,11
"1258","User #25360","Timepoint 42",7.8489842414856,10,11
"1259","User #25360","Timepoint 43",7.36507494747639,10,11
"1260","User #25360","Timepoint 44",7.67758762836456,10,11
"1261","User #25360","Timepoint 45",7.89435639977455,10,11
"1262","User #25360","Timepoint 46",7.99360245466232,10,11
"1263","User #25360","Timepoint 47",8.62038958072662,10,11
"1264","User #25360","Timepoint 48",8.72017261385918,10,11
"1265","User #25360","Timepoint 49",8.92009323835373,10,11
"1266","User #25360","Timepoint 50",7.15515112876892,10,11
"1267","User #25360","Timepoint 51",6.73304817080498,10,11
"1268","User #25360","Timepoint 52",6.40954895317554,10,11
"1269","User #25360","Timepoint 53",6.862667709589,10,11
"1270","User #25360","Timepoint 54",7.17607235908508,10,11
"1271","User #25360","Timepoint 55",7.34951740503311,10,11
"1272","User #25360","Timepoint 56",8.21899673342705,10,11
"1273","User #25360","Timepoint 57",6.78916639089584,10,11
"1274","User #25360","Timepoint 58",6.32351657748222,10,11
"1275","User #25360","Timepoint 59",7.72182619571686,10,11
"1276","User #25360","Timepoint 60",7.84100359678268,10,11
"1277","User #25360","Timepoint 61",7.17673501372337,10,11
"1278","User #25360","Timepoint 62",6.85069045424461,10,11
"1279","User #25360","Timepoint 63",7.46091103553772,10,11
"1280","User #25360","Timepoint 64",7.921376734972,10,11
"1281","User #25394","Timepoint 1",0,10,11
"1282","User #25394","Timepoint 2",0,10,11
"1283","User #25394","Timepoint 3",0,10,11
"1284","User #25394","Timepoint 4",0,10,11
"1285","User #25394","Timepoint 5",0,10,11
"1286","User #25394","Timepoint 6",0,10,11
"1287","User #25394","Timepoint 7",0,10,11
"1288","User #25394","Timepoint 8",0,10,11
"1289","User #25394","Timepoint 9",0,10,11
"1290","User #25394","Timepoint 10",0,10,11
"1291","User #25394","Timepoint 11",0,10,11
"1292","User #25394","Timepoint 12",0,10,11
"1293","User #25394","Timepoint 13",0,10,11
"1294","User #25394","Timepoint 14",0,10,11
"1295","User #25394","Timepoint 15",0,10,11
"1296","User #25394","Timepoint 16",0,10,11
"1297","User #25394","Timepoint 17",12.1850397884846,10,11
"1298","User #25394","Timepoint 18",12.9123204946518,10,11
"1299","User #25394","Timepoint 19",13.4389618039131,10,11
"1300","User #25394","Timepoint 20",11.963546693325,10,11
"1301","User #25394","Timepoint 21",10.9744277596474,10,11
"1302","User #25394","Timepoint 22",12.4136779904366,10,11
"1303","User #25394","Timepoint 23",13.9080337882042,10,11
"1304","User #25394","Timepoint 24",13.4650444686413,10,11
"1305","User #25394","Timepoint 25",10.9698654264212,10,11
"1306","User #25394","Timepoint 26",11.2452081143856,10,11
"1307","User #25394","Timepoint 27",13.3531758785248,10,11
"1308","User #25394","Timepoint 28",14.656641960144,10,11
"1309","User #25394","Timepoint 29",13.1796123683453,10,11
"1310","User #25394","Timepoint 30",11.8134180903435,10,11
"1311","User #25394","Timepoint 31",12.9071109294891,10,11
"1312","User #25394","Timepoint 32",12.8428218662739,10,11
"1313","User #25394","Timepoint 33",12.9651170969009,10,11
"1314","User #25394","Timepoint 34",12.2142454385757,10,11
"1315","User #25394","Timepoint 35",14.9397500753403,10,11
"1316","User #25394","Timepoint 36",15.1304228305817,10,11
"1317","User #25394","Timepoint 37",14.0610617399216,10,11
"1318","User #25394","Timepoint 38",16.4788565635681,10,11
"1319","User #25394","Timepoint 39",16.1230944991112,10,11
"1320","User #25394","Timepoint 40",15.9707770943642,10,11
"1321","User #25394","Timepoint 41",13.573267698288,10,11
"1322","User #25394","Timepoint 42",13.893329679966,10,11
"1323","User #25394","Timepoint 43",14.6217254400253,10,11
"1324","User #25394","Timepoint 44",15.4869304895401,10,11
"1325","User #25394","Timepoint 45",14.8720311522484,10,11
"1326","User #25394","Timepoint 46",14.474308013916,10,11
"1327","User #25394","Timepoint 47",14.5855956077576,10,11
"1328","User #25394","Timepoint 48",15.1063389182091,10,11
"1329","User #25394","Timepoint 49",12.4358255565166,10,11
"1330","User #25394","Timepoint 50",12.152826666832,10,11
"1331","User #25394","Timepoint 51",15.0077856779099,10,11
"1332","User #25394","Timepoint 52",14.8776427507401,10,11
"1333","User #25394","Timepoint 53",13.2069246172905,10,11
"1334","User #25394","Timepoint 54",14.37617623806,10,11
"1335","User #25394","Timepoint 55",14.4900678396225,10,11
"1336","User #25394","Timepoint 56",14.0263192653656,10,11
"1337","User #25394","Timepoint 57",11.6511667668819,10,11
"1338","User #25394","Timepoint 58",11.528086990118,10,11
"1339","User #25394","Timepoint 59",13.5225108265877,10,11
"1340","User #25394","Timepoint 60",13.4084620475769,10,11
"1341","User #25394","Timepoint 61",12.8353805541992,10,11
"1342","User #25394","Timepoint 62",13.7435604333878,10,11
"1343","User #25394","Timepoint 63",13.9551556110382,10,11
"1344","User #25394","Timepoint 64",13.7738060951233,10,11
"1345","User #25397","Timepoint 1",0,10,11
"1346","User #25397","Timepoint 2",0,10,11
"1347","User #25397","Timepoint 3",0,10,11
"1348","User #25397","Timepoint 4",0,10,11
"1349","User #25397","Timepoint 5",0,10,11
"1350","User #25397","Timepoint 6",0,10,11
"1351","User #25397","Timepoint 7",0,10,11
"1352","User #25397","Timepoint 8",0,10,11
"1353","User #25397","Timepoint 9",0,10,11
"1354","User #25397","Timepoint 10",0,10,11
"1355","User #25397","Timepoint 11",0,10,11
"1356","User #25397","Timepoint 12",0,10,11
"1357","User #25397","Timepoint 13",0,10,11
"1358","User #25397","Timepoint 14",0,10,11
"1359","User #25397","Timepoint 15",0,10,11
"1360","User #25397","Timepoint 16",0,10,11
"1361","User #25397","Timepoint 17",7.26344752311707,10,11
"1362","User #25397","Timepoint 18",7.45936703681946,10,11
"1363","User #25397","Timepoint 19",7.41467678546906,10,11
"1364","User #25397","Timepoint 20",6.54174470901489,10,11
"1365","User #25397","Timepoint 21",6.76298534870148,10,11
"1366","User #25397","Timepoint 22",7.22635304927826,10,11
"1367","User #25397","Timepoint 23",7.52418494224548,10,11
"1368","User #25397","Timepoint 24",7.10125136375427,10,11
"1369","User #25397","Timepoint 25",6.6592481136322,10,11
"1370","User #25397","Timepoint 26",8.16693949699402,10,11
"1371","User #25397","Timepoint 27",8.08191537857056,10,11
"1372","User #25397","Timepoint 28",7.22420954704285,10,11
"1373","User #25397","Timepoint 29",6.94051492214203,10,11
"1374","User #25397","Timepoint 30",7.22905945777893,10,11
"1375","User #25397","Timepoint 31",7.54700708389282,10,11
"1376","User #25397","Timepoint 32",7.32413673400879,10,11
"1377","User #25397","Timepoint 33",7.40050864219666,10,11
"1378","User #25397","Timepoint 34",8.03959345817566,10,11
"1379","User #25397","Timepoint 35",7.38626098632812,10,11
"1380","User #25397","Timepoint 36",6.59760212898254,10,11
"1381","User #25397","Timepoint 37",7.15877258777618,10,11
"1382","User #25397","Timepoint 38",7.69629442691803,10,11
"1383","User #25397","Timepoint 39",7.75902807712555,10,11
"1384","User #25397","Timepoint 40",7.21634244918823,10,11
"1385","User #25397","Timepoint 41",6.95507341623306,10,11
"1386","User #25397","Timepoint 42",7.78816843032837,10,11
"1387","User #25397","Timepoint 43",7.61494243144989,10,11
"1388","User #25397","Timepoint 44",6.82201313972473,10,11
"1389","User #25397","Timepoint 45",6.46449196338654,10,11
"1390","User #25397","Timepoint 46",7.57181692123413,10,11
"1391","User #25397","Timepoint 47",7.90033257007599,10,11
"1392","User #25397","Timepoint 48",7.43991994857788,10,11
"1393","User #25397","Timepoint 49",6.31468001008034,10,11
"1394","User #25397","Timepoint 50",6.85678887367249,10,11
"1395","User #25397","Timepoint 51",6.93252831697464,10,11
"1396","User #25397","Timepoint 52",6.80184757709503,10,11
"1397","User #25397","Timepoint 53",6.48898458480835,10,11
"1398","User #25397","Timepoint 54",6.79731506109238,10,11
"1399","User #25397","Timepoint 55",6.80879926681519,10,11
"1400","User #25397","Timepoint 56",6.79907244443893,10,11
"1401","User #25397","Timepoint 57",6.39639002084732,10,11
"1402","User #25397","Timepoint 58",6.78480291366577,10,11
"1403","User #25397","Timepoint 59",6.96446579694748,10,11
"1404","User #25397","Timepoint 60",6.65724378824234,10,11
"1405","User #25397","Timepoint 61",6.59853571653366,10,11
"1406","User #25397","Timepoint 62",6.69156450033188,10,11
"1407","User #25397","Timepoint 63",6.62526035308838,10,11
"1408","User #25397","Timepoint 64",6.65324556827545,10,11
"1409","User #25360","Timepoint 1",0,10,11
"1410","User #25360","Timepoint 2",0,10,11
"1411","User #25360","Timepoint 3",0,10,11
"1412","User #25360","Timepoint 4",0,10,11
"1413","User #25360","Timepoint 5",0,10,11
"1414","User #25360","Timepoint 6",0,10,11
"1415","User #25360","Timepoint 7",0,10,11
"1416","User #25360","Timepoint 8",0,10,11
"1417","User #25360","Timepoint 9",0,10,11
"1418","User #25360","Timepoint 10",0,10,11
"1419","User #25360","Timepoint 11",0,10,11
"1420","User #25360","Timepoint 12",0,10,11
"1421","User #25360","Timepoint 13",0,10,11
"1422","User #25360","Timepoint 14",0,10,11
"1423","User #25360","Timepoint 15",0,10,11
"1424","User #25360","Timepoint 16",0,10,11
"1425","User #25360","Timepoint 17",6.7344719171524,10,11
"1426","User #25360","Timepoint 18",6.62747278809547,10,11
"1427","User #25360","Timepoint 19",9.34309393167496,10,11
"1428","User #25360","Timepoint 20",8.90952557325363,10,11
"1429","User #25360","Timepoint 21",5.44667970389128,10,11
"1430","User #25360","Timepoint 22",6.90666139125824,10,11
"1431","User #25360","Timepoint 23",9.15765225887299,10,11
"1432","User #25360","Timepoint 24",9.91631150245667,10,11
"1433","User #25360","Timepoint 25",6.04684129357338,10,11
"1434","User #25360","Timepoint 26",7.07887500524521,10,11
"1435","User #25360","Timepoint 27",8.8509076833725,10,11
"1436","User #25360","Timepoint 28",9.17653322219849,10,11
"1437","User #25360","Timepoint 29",6.42388761043549,10,11
"1438","User #25360","Timepoint 30",6.69701665639877,10,11
"1439","User #25360","Timepoint 31",7.73581832647324,10,11
"1440","User #25360","Timepoint 32",8.16856980323792,10,11
"1441","User #25360","Timepoint 33",5.52666820585728,10,11
"1442","User #25360","Timepoint 34",7.02831238508224,10,11
"1443","User #25360","Timepoint 35",8.92655074596405,10,11
"1444","User #25360","Timepoint 36",9.16119277477264,10,11
"1445","User #25360","Timepoint 37",5.7851168513298,10,11
"1446","User #25360","Timepoint 38",6.30318820476532,10,11
"1447","User #25360","Timepoint 39",7.91388481855392,10,11
"1448","User #25360","Timepoint 40",9.40108448266983,10,11
"1449","User #25360","Timepoint 41",6.6450047492981,10,11
"1450","User #25360","Timepoint 42",5.87377905845642,10,11
"1451","User #25360","Timepoint 43",9.26945269107819,10,11
"1452","User #25360","Timepoint 44",9.01156783103943,10,11
"1453","User #25360","Timepoint 45",7.12436467409134,10,11
"1454","User #25360","Timepoint 46",6.30451172590256,10,11
"1455","User #25360","Timepoint 47",8.58369916677475,10,11
"1456","User #25360","Timepoint 48",7.80387490987778,10,11
"1457","User #25360","Timepoint 49",5.54806750267744,10,11
"1458","User #25360","Timepoint 50",7.1152737736702,10,11
"1459","User #25360","Timepoint 51",8.24504196643829,10,11
"1460","User #25360","Timepoint 52",8.6017581820488,10,11
"1461","User #25360","Timepoint 53",6.05935230851173,10,11
"1462","User #25360","Timepoint 54",7.13804543018341,10,11
"1463","User #25360","Timepoint 55",8.20077657699585,10,11
"1464","User #25360","Timepoint 56",9.35975819826126,10,11
"1465","User #25360","Timepoint 57",5.39996393024921,10,11
"1466","User #25360","Timepoint 58",6.64063572883606,10,11
"1467","User #25360","Timepoint 59",9.27374869585037,10,11
"1468","User #25360","Timepoint 60",9.89284247159958,10,11
"1469","User #25360","Timepoint 61",5.35340551286936,10,11
"1470","User #25360","Timepoint 62",8.09782743453979,10,11
"1471","User #25360","Timepoint 63",8.71735364198685,10,11
"1472","User #25360","Timepoint 64",10.4576069116592,10,11
"1473","User #25388","Timepoint 1",0,10,11
"1474","User #25388","Timepoint 2",0,10,11
"1475","User #25388","Timepoint 3",0,10,11
"1476","User #25388","Timepoint 4",0,10,11
"1477","User #25388","Timepoint 5",0,10,11
"1478","User #25388","Timepoint 6",0,10,11
"1479","User #25388","Timepoint 7",0,10,11
"1480","User #25388","Timepoint 8",0,10,11
"1481","User #25388","Timepoint 9",0,10,11
"1482","User #25388","Timepoint 10",0,10,11
"1483","User #25388","Timepoint 11",0,10,11
"1484","User #25388","Timepoint 12",0,10,11
"1485","User #25388","Timepoint 13",0,10,11
"1486","User #25388","Timepoint 14",0,10,11
"1487","User #25388","Timepoint 15",0,10,11
"1488","User #25388","Timepoint 16",0,10,11
"1489","User #25388","Timepoint 17",8.94035488367081,10,11
"1490","User #25388","Timepoint 18",10.8940010666847,10,11
"1491","User #25388","Timepoint 19",8.94803911447525,10,11
"1492","User #25388","Timepoint 20",9.17829099297523,10,11
"1493","User #25388","Timepoint 21",8.34531709551811,10,11
"1494","User #25388","Timepoint 22",7.16723501682281,10,11
"1495","User #25388","Timepoint 23",5.30117587000132,10,11
"1496","User #25388","Timepoint 24",8.59147441387177,10,11
"1497","User #25388","Timepoint 25",7.80169185996056,10,11
"1498","User #25388","Timepoint 26",6.08667103946209,10,11
"1499","User #25388","Timepoint 27",4.26294498890638,10,11
"1500","User #25388","Timepoint 28",11.5226065516472,10,11
"1501","User #25388","Timepoint 29",11.2598176598549,10,11
"1502","User #25388","Timepoint 30",10.2162306010723,10,11
"1503","User #25388","Timepoint 31",5.45366228371859,10,11
"1504","User #25388","Timepoint 32",10.3055096268654,10,11
"1505","User #25388","Timepoint 33",7.73842841386795,10,11
"1506","User #25388","Timepoint 34",9.13256424665451,10,11
"1507","User #25388","Timepoint 35",6.84203404188156,10,11
"1508","User #25388","Timepoint 36",15.8350880146027,10,11
"1509","User #25388","Timepoint 37",14.7431476712227,10,11
"1510","User #25388","Timepoint 38",8.20982024073601,10,11
"1511","User #25388","Timepoint 39",6.3633249849081,10,11
"1512","User #25388","Timepoint 40",9.78866347670555,10,11
"1513","User #25388","Timepoint 41",8.97874653339386,10,11
"1514","User #25388","Timepoint 42",7.37608021497726,10,11
"1515","User #25388","Timepoint 43",8.22673898935318,10,11
"1516","User #25388","Timepoint 44",6.970344632864,10,11
"1517","User #25388","Timepoint 45",7.47720783948898,10,11
"1518","User #25388","Timepoint 46",8.35019120573997,10,11
"1519","User #25388","Timepoint 47",8.63828364014626,10,11
"1520","User #25388","Timepoint 48",10.4035707712173,10,11
"1521","User #25388","Timepoint 49",9.39735388755798,10,11
"1522","User #25388","Timepoint 50",7.32248878479004,10,11
"1523","User #25388","Timepoint 51",9.75919222831726,10,11
"1524","User #25388","Timepoint 52",11.2705466747284,10,11
"1525","User #25388","Timepoint 53",13.3355662822723,10,11
"1526","User #25388","Timepoint 54",9.4328106045723,10,11
"1527","User #25388","Timepoint 55",9.31299513578415,10,11
"1528","User #25388","Timepoint 56",11.7000356912613,10,11
"1529","User #25388","Timepoint 57",10.396892786026,10,11
"1530","User #25388","Timepoint 58",8.24104434251785,10,11
"1531","User #25388","Timepoint 59",9.8556182384491,10,11
"1532","User #25388","Timepoint 60",13.5835525989532,10,11
"1533","User #25388","Timepoint 61",11.8702504634857,10,11
"1534","User #25388","Timepoint 62",10.4075274467468,10,11
"1535","User #25388","Timepoint 63",12.8347704410553,10,11
"1536","User #25388","Timepoint 64",11.1970100402832,10,11
"1537","User #25344","Timepoint 1",0,10,11
"1538","User #25344","Timepoint 2",0,10,11
"1539","User #25344","Timepoint 3",0,10,11
"1540","User #25344","Timepoint 4",0,10,11
"1541","User #25344","Timepoint 5",0,10,11
"1542","User #25344","Timepoint 6",0,10,11
"1543","User #25344","Timepoint 7",0,10,11
"1544","User #25344","Timepoint 8",0,10,11
"1545","User #25344","Timepoint 9",0,10,11
"1546","User #25344","Timepoint 10",0,10,11
"1547","User #25344","Timepoint 11",0,10,11
"1548","User #25344","Timepoint 12",0,10,11
"1549","User #25344","Timepoint 13",0,10,11
"1550","User #25344","Timepoint 14",0,10,11
"1551","User #25344","Timepoint 15",0,10,11
"1552","User #25344","Timepoint 16",0,10,11
"1553","User #25344","Timepoint 17",10.5834022164345,10,11
"1554","User #25344","Timepoint 18",8.35721969604492,10,11
"1555","User #25344","Timepoint 19",7.71203657984734,10,11
"1556","User #25344","Timepoint 20",10.0155104398727,10,11
"1557","User #25344","Timepoint 21",12.399706184864,10,11
"1558","User #25344","Timepoint 22",10.6317721009254,10,11
"1559","User #25344","Timepoint 23",11.1576647758484,10,11
"1560","User #25344","Timepoint 24",10.8242527842522,10,11
"1561","User #25344","Timepoint 25",10.9306426048279,10,11
"1562","User #25344","Timepoint 26",11.4005157351494,10,11
"1563","User #25344","Timepoint 27",11.6603348851204,10,11
"1564","User #25344","Timepoint 28",11.9910871982574,10,11
"1565","User #25344","Timepoint 29",10.5256767868996,10,11
"1566","User #25344","Timepoint 30",11.4935524463654,10,11
"1567","User #25344","Timepoint 31",16.2781208753586,10,11
"1568","User #25344","Timepoint 32",13.1874318122864,10,11
"1569","User #25344","Timepoint 33",7.09619729965925,10,11
"1570","User #25344","Timepoint 34",8.41114068031311,10,11
"1571","User #25344","Timepoint 35",9.40498039126396,10,11
"1572","User #25344","Timepoint 36",9.21994096040726,10,11
"1573","User #25344","Timepoint 37",8.19597253203392,10,11
"1574","User #25344","Timepoint 38",9.74370664358139,10,11
"1575","User #25344","Timepoint 39",9.72737064957619,10,11
"1576","User #25344","Timepoint 40",10.841482758522,10,11
"1577","User #25344","Timepoint 41",9.57499945163727,10,11
"1578","User #25344","Timepoint 42",7.6006173491478,10,11
"1579","User #25344","Timepoint 43",9.04877525568008,10,11
"1580","User #25344","Timepoint 44",9.99010375142097,10,11
"1581","User #25344","Timepoint 45",13.6579594016075,10,11
"1582","User #25344","Timepoint 46",11.975331902504,10,11
"1583","User #25344","Timepoint 47",11.4024093747139,10,11
"1584","User #25344","Timepoint 48",13.589851140976,10,11
"1585","User #25344","Timepoint 49",14.6405172348022,10,11
"1586","User #25344","Timepoint 50",12.0364904403687,10,11
"1587","User #25344","Timepoint 51",9.49455046653748,10,11
"1588","User #25344","Timepoint 52",8.41277432441711,10,11
"1589","User #25344","Timepoint 53",10.1797270774841,10,11
"1590","User #25344","Timepoint 54",10.0360994338989,10,11
"1591","User #25344","Timepoint 55",10.3436422348022,10,11
"1592","User #25344","Timepoint 56",10.7913556098938,10,11
"1593","User #25344","Timepoint 57",8.23297786712646,10,11
"1594","User #25344","Timepoint 58",7.71147418022156,10,11
"1595","User #25344","Timepoint 59",9.170654296875,10,11
"1596","User #25344","Timepoint 60",9.94272708892822,10,11
"1597","User #25344","Timepoint 61",9.62200689315796,10,11
"1598","User #25344","Timepoint 62",8.70172333717346,10,11
"1599","User #25344","Timepoint 63",9.55921578407288,10,11
"1600","User #25344","Timepoint 64",9.74954605102539,10,11
"1601","User #25306","Timepoint 1",0,10,11
"1602","User #25306","Timepoint 2",0,10,11
"1603","User #25306","Timepoint 3",0,10,11
"1604","User #25306","Timepoint 4",0,10,11
"1605","User #25306","Timepoint 5",0,10,11
"1606","User #25306","Timepoint 6",0,10,11
"1607","User #25306","Timepoint 7",0,10,11
"1608","User #25306","Timepoint 8",0,10,11
"1609","User #25306","Timepoint 9",0,10,11
"1610","User #25306","Timepoint 10",0,10,11
"1611","User #25306","Timepoint 11",0,10,11
"1612","User #25306","Timepoint 12",0,10,11
"1613","User #25306","Timepoint 13",0,10,11
"1614","User #25306","Timepoint 14",0,10,11
"1615","User #25306","Timepoint 15",0,10,11
"1616","User #25306","Timepoint 16",0,10,11
"1617","User #25306","Timepoint 17",11.5269470214844,10,11
"1618","User #25306","Timepoint 18",11.4510726928711,10,11
"1619","User #25306","Timepoint 19",12.1878137588501,10,11
"1620","User #25306","Timepoint 20",13.5460143089294,10,11
"1621","User #25306","Timepoint 21",14.2171988487244,10,11
"1622","User #25306","Timepoint 22",13.3314437866211,10,11
"1623","User #25306","Timepoint 23",10.7278342247009,10,11
"1624","User #25306","Timepoint 24",9.21378040313721,10,11
"1625","User #25306","Timepoint 25",8.82498782873154,10,11
"1626","User #25306","Timepoint 26",9.79029583930969,10,11
"1627","User #25306","Timepoint 27",9.92509400844574,10,11
"1628","User #25306","Timepoint 28",12.3639359474182,10,11
"1629","User #25306","Timepoint 29",12.0606069564819,10,11
"1630","User #25306","Timepoint 30",10.5149960517883,10,11
"1631","User #25306","Timepoint 31",9.10783314704895,10,11
"1632","User #25306","Timepoint 32",8.4559386074543,10,11
"1633","User #25306","Timepoint 33",11.0172910690308,10,11
"1634","User #25306","Timepoint 34",9.63678658008575,10,11
"1635","User #25306","Timepoint 35",15.7493438720703,10,11
"1636","User #25306","Timepoint 36",11.1725778579712,10,11
"1637","User #25306","Timepoint 37",15.0649037361145,10,11
"1638","User #25306","Timepoint 38",11.3855850696564,10,11
"1639","User #25306","Timepoint 39",10.9958548545837,10,11
"1640","User #25306","Timepoint 40",10.9702794551849,10,11
"1641","User #25306","Timepoint 41",12.2655172348022,10,11
"1642","User #25306","Timepoint 42",12.7006788253784,10,11
"1643","User #25306","Timepoint 43",14.4214701652527,10,11
"1644","User #25306","Timepoint 44",11.7178797721863,10,11
"1645","User #25306","Timepoint 45",11.5767061710358,10,11
"1646","User #25306","Timepoint 46",11.0100839138031,10,11
"1647","User #25306","Timepoint 47",11.3731660842896,10,11
"1648","User #25306","Timepoint 48",12.6406545639038,10,11
"1649","User #25306","Timepoint 49",12.4329323768616,10,11
"1650","User #25306","Timepoint 50",11.0437517166138,10,11
"1651","User #25306","Timepoint 51",12.6811239719391,10,11
"1652","User #25306","Timepoint 52",12.3641111254692,10,11
"1653","User #25306","Timepoint 53",12.7510888576508,10,11
"1654","User #25306","Timepoint 54",12.9386373758316,10,11
"1655","User #25306","Timepoint 55",13.174133002758,10,11
"1656","User #25306","Timepoint 56",12.7969485521317,10,11
"1657","User #25306","Timepoint 57",14.3786736726761,10,11
"1658","User #25306","Timepoint 58",13.9238581061363,10,11
"1659","User #25306","Timepoint 59",13.8684863448143,10,11
"1660","User #25306","Timepoint 60",12.6626514196396,10,11
"1661","User #25306","Timepoint 61",11.6345333456993,10,11
"1662","User #25306","Timepoint 62",11.432794123888,10,11
"1663","User #25306","Timepoint 63",12.3070718944073,10,11
"1664","User #25306","Timepoint 64",11.9382729828358,10,11
"1665","User #25342","Timepoint 1",0,10,11
"1666","User #25342","Timepoint 2",0,10,11
"1667","User #25342","Timepoint 3",0,10,11
"1668","User #25342","Timepoint 4",0,10,11
"1669","User #25342","Timepoint 5",0,10,11
"1670","User #25342","Timepoint 6",0,10,11
"1671","User #25342","Timepoint 7",0,10,11
"1672","User #25342","Timepoint 8",0,10,11
"1673","User #25342","Timepoint 9",0,10,11
"1674","User #25342","Timepoint 10",0,10,11
"1675","User #25342","Timepoint 11",0,10,11
"1676","User #25342","Timepoint 12",0,10,11
"1677","User #25342","Timepoint 13",0,10,11
"1678","User #25342","Timepoint 14",0,10,11
"1679","User #25342","Timepoint 15",0,10,11
"1680","User #25342","Timepoint 16",0,10,11
"1681","User #25342","Timepoint 17",8.14079141616821,10,11
"1682","User #25342","Timepoint 18",7.88419914245605,10,11
"1683","User #25342","Timepoint 19",8.32274675369263,10,11
"1684","User #25342","Timepoint 20",8.48953032493591,10,11
"1685","User #25342","Timepoint 21",8.75899076461792,10,11
"1686","User #25342","Timepoint 22",8.65182757377625,10,11
"1687","User #25342","Timepoint 23",8.98211884498596,10,11
"1688","User #25342","Timepoint 24",8.60932326316833,10,11
"1689","User #25342","Timepoint 25",9.36972951889038,10,11
"1690","User #25342","Timepoint 26",7.50900101661682,10,11
"1691","User #25342","Timepoint 27",9.15873599052429,10,11
"1692","User #25342","Timepoint 28",8.81130504608154,10,11
"1693","User #25342","Timepoint 29",7.68482935428619,10,11
"1694","User #25342","Timepoint 30",7.59681034088135,10,11
"1695","User #25342","Timepoint 31",9.10486841201782,10,11
"1696","User #25342","Timepoint 32",8.29578638076782,10,11
"1697","User #25342","Timepoint 33",8.45826959609985,10,11
"1698","User #25342","Timepoint 34",8.8128867149353,10,11
"1699","User #25342","Timepoint 35",7.78824174404144,10,11
"1700","User #25342","Timepoint 36",5.60454618930817,10,11
"1701","User #25342","Timepoint 37",8.10207605361938,10,11
"1702","User #25342","Timepoint 38",8.07739233970642,10,11
"1703","User #25342","Timepoint 39",6.76956629753113,10,11
"1704","User #25342","Timepoint 40",7.95688140392303,10,11
"1705","User #25342","Timepoint 41",9.52125358581543,10,11
"1706","User #25342","Timepoint 42",7.26050090789795,10,11
"1707","User #25342","Timepoint 43",7.96211099624634,10,11
"1708","User #25342","Timepoint 44",8.6017735004425,10,11
"1709","User #25342","Timepoint 45",7.84979426860809,10,11
"1710","User #25342","Timepoint 46",6.95148265361786,10,11
"1711","User #25342","Timepoint 47",7.93388307094574,10,11
"1712","User #25342","Timepoint 48",8.5156352519989,10,11
"1713","User #25342","Timepoint 49",8.42828774452209,10,11
"1714","User #25342","Timepoint 50",6.95887470245361,10,11
"1715","User #25342","Timepoint 51",8.15341401100159,10,11
"1716","User #25342","Timepoint 52",7.68304109573364,10,11
"1717","User #25342","Timepoint 53",7.24965035915375,10,11
"1718","User #25342","Timepoint 54",6.78281712532043,10,11
"1719","User #25342","Timepoint 55",7.80007684230804,10,11
"1720","User #25342","Timepoint 56",7.67754375934601,10,11
"1721","User #25342","Timepoint 57",7.13335728645325,10,11
"1722","User #25342","Timepoint 58",7.03331291675568,10,11
"1723","User #25342","Timepoint 59",9.37554550170898,10,11
"1724","User #25342","Timepoint 60",8.74427771568298,10,11
"1725","User #25342","Timepoint 61",7.92657375335693,10,11
"1726","User #25342","Timepoint 62",7.66916048526764,10,11
"1727","User #25342","Timepoint 63",8.69226717948914,10,11
"1728","User #25342","Timepoint 64",8.6187846660614,10,11
"1729","User #25370","Timepoint 1",0,10,11
"1730","User #25370","Timepoint 2",0,10,11
"1731","User #25370","Timepoint 3",0,10,11
"1732","User #25370","Timepoint 4",0,10,11
"1733","User #25370","Timepoint 5",0,10,11
"1734","User #25370","Timepoint 6",0,10,11
"1735","User #25370","Timepoint 7",0,10,11
"1736","User #25370","Timepoint 8",0,10,11
"1737","User #25370","Timepoint 9",0,10,11
"1738","User #25370","Timepoint 10",0,10,11
"1739","User #25370","Timepoint 11",0,10,11
"1740","User #25370","Timepoint 12",0,10,11
"1741","User #25370","Timepoint 13",0,10,11
"1742","User #25370","Timepoint 14",0,10,11
"1743","User #25370","Timepoint 15",0,10,11
"1744","User #25370","Timepoint 16",0,10,11
"1745","User #25370","Timepoint 17",7.90559124946594,10,11
"1746","User #25370","Timepoint 18",7.57901585102081,10,11
"1747","User #25370","Timepoint 19",7.69169402122498,10,11
"1748","User #25370","Timepoint 20",8.29565846920013,10,11
"1749","User #25370","Timepoint 21",6.87296849489212,10,11
"1750","User #25370","Timepoint 22",4.42143611609936,10,11
"1751","User #25370","Timepoint 23",7.90493446588516,10,11
"1752","User #25370","Timepoint 24",5.2655448615551,10,11
"1753","User #25370","Timepoint 25",7.12375861406326,10,11
"1754","User #25370","Timepoint 26",7.78973233699799,10,11
"1755","User #25370","Timepoint 27",8.57563030719757,10,11
"1756","User #25370","Timepoint 28",7.49058431386948,10,11
"1757","User #25370","Timepoint 29",8.50350570678711,10,11
"1758","User #25370","Timepoint 30",9.27280044555664,10,11
"1759","User #25370","Timepoint 31",8.44540297985077,10,11
"1760","User #25370","Timepoint 32",10.0499973297119,10,11
"1761","User #25370","Timepoint 33",7.80529129505157,10,11
"1762","User #25370","Timepoint 34",8.20901560783386,10,11
"1763","User #25370","Timepoint 35",9.24713134765625,10,11
"1764","User #25370","Timepoint 36",11.4398679733276,10,11
"1765","User #25370","Timepoint 37",6.74448585510254,10,11
"1766","User #25370","Timepoint 38",7.06600672006607,10,11
"1767","User #25370","Timepoint 39",6.37440592050552,10,11
"1768","User #25370","Timepoint 40",6.82190442085266,10,11
"1769","User #25370","Timepoint 41",7.0690084695816,10,11
"1770","User #25370","Timepoint 42",6.53219294548035,10,11
"1771","User #25370","Timepoint 43",5.03455963730812,10,11
"1772","User #25370","Timepoint 44",9.44950079917908,10,11
"1773","User #25370","Timepoint 45",8.3158905506134,10,11
"1774","User #25370","Timepoint 46",8.43046164512634,10,11
"1775","User #25370","Timepoint 47",8.25340330600739,10,11
"1776","User #25370","Timepoint 48",7.57353109121323,10,11
"1777","User #25370","Timepoint 49",7.1244558095932,10,11
"1778","User #25370","Timepoint 50",8.03108751773834,10,11
"1779","User #25370","Timepoint 51",10.0319185256958,10,11
"1780","User #25370","Timepoint 52",7.92235058546066,10,11
"1781","User #25370","Timepoint 53",6.79338717460632,10,11
"1782","User #25370","Timepoint 54",9.34505808353424,10,11
"1783","User #25370","Timepoint 55",9.33752501010895,10,11
"1784","User #25370","Timepoint 56",8.3392082452774,10,11
"1785","User #25370","Timepoint 57",6.9513937830925,10,11
"1786","User #25370","Timepoint 58",9.11996710300446,10,11
"1787","User #25370","Timepoint 59",10.3845574855804,10,11
"1788","User #25370","Timepoint 60",8.97629725933075,10,11
"1789","User #25370","Timepoint 61",7.39298516511917,10,11
"1790","User #25370","Timepoint 62",8.05053424835205,10,11
"1791","User #25370","Timepoint 63",6.8046333193779,10,11
"1792","User #25370","Timepoint 64",7.60249805450439,10,11
"1793","User #25358","Timepoint 1",0,10,11
"1794","User #25358","Timepoint 2",0,10,11
"1795","User #25358","Timepoint 3",0,10,11
"1796","User #25358","Timepoint 4",0,10,11
"1797","User #25358","Timepoint 5",0,10,11
"1798","User #25358","Timepoint 6",0,10,11
"1799","User #25358","Timepoint 7",0,10,11
"1800","User #25358","Timepoint 8",0,10,11
"1801","User #25358","Timepoint 9",0,10,11
"1802","User #25358","Timepoint 10",0,10,11
"1803","User #25358","Timepoint 11",0,10,11
"1804","User #25358","Timepoint 12",0,10,11
"1805","User #25358","Timepoint 13",0,10,11
"1806","User #25358","Timepoint 14",0,10,11
"1807","User #25358","Timepoint 15",0,10,11
"1808","User #25358","Timepoint 16",0,10,11
"1809","User #25358","Timepoint 17",10.8277430534363,10,11
"1810","User #25358","Timepoint 18",11.5873756408691,10,11
"1811","User #25358","Timepoint 19",12.7736811637878,10,11
"1812","User #25358","Timepoint 20",8.97016644477844,10,11
"1813","User #25358","Timepoint 21",10.3137321472168,10,11
"1814","User #25358","Timepoint 22",10.958842754364,10,11
"1815","User #25358","Timepoint 23",11.0263519287109,10,11
"1816","User #25358","Timepoint 24",9.46276354789734,10,11
"1817","User #25358","Timepoint 25",10.237931728363,10,11
"1818","User #25358","Timepoint 26",10.6757955551147,10,11
"1819","User #25358","Timepoint 27",13.9079895019531,10,11
"1820","User #25358","Timepoint 28",9.28554201126099,10,11
"1821","User #25358","Timepoint 29",8.9164183139801,10,11
"1822","User #25358","Timepoint 30",10.7739195823669,10,11
"1823","User #25358","Timepoint 31",10.5856676101685,10,11
"1824","User #25358","Timepoint 32",10.6889252662659,10,11
"1825","User #25358","Timepoint 33",11.1945862770081,10,11
"1826","User #25358","Timepoint 34",13.1846122741699,10,11
"1827","User #25358","Timepoint 35",9.99516582489014,10,11
"1828","User #25358","Timepoint 36",7.27810060977936,10,11
"1829","User #25358","Timepoint 37",7.55162858963013,10,11
"1830","User #25358","Timepoint 38",6.9501673579216,10,11
"1831","User #25358","Timepoint 39",7.15524661540985,10,11
"1832","User #25358","Timepoint 40",8.76090359687805,10,11
"1833","User #25358","Timepoint 41",11.3049221038818,10,11
"1834","User #25358","Timepoint 42",12.1744923591614,10,11
"1835","User #25358","Timepoint 43",7.61670911312103,10,11
"1836","User #25358","Timepoint 44",8.1708459854126,10,11
"1837","User #25358","Timepoint 45",7.67793011665344,10,11
"1838","User #25358","Timepoint 46",7.8494598865509,10,11
"1839","User #25358","Timepoint 47",7.48029065132141,10,11
"1840","User #25358","Timepoint 48",8.47616624832153,10,11
"1841","User #25358","Timepoint 49",8.44193631410599,10,11
"1842","User #25358","Timepoint 50",8.45357543230057,10,11
"1843","User #25358","Timepoint 51",8.58389008045197,10,11
"1844","User #25358","Timepoint 52",8.27404299378395,10,11
"1845","User #25358","Timepoint 53",9.64865952730179,10,11
"1846","User #25358","Timepoint 54",10.032923579216,10,11
"1847","User #25358","Timepoint 55",9.12109300494194,10,11
"1848","User #25358","Timepoint 56",8.96734991669655,10,11
"1849","User #25358","Timepoint 57",8.7061613202095,10,11
"1850","User #25358","Timepoint 58",9.42880553007126,10,11
"1851","User #25358","Timepoint 59",9.17217165231705,10,11
"1852","User #25358","Timepoint 60",6.39674092084169,10,11
"1853","User #25358","Timepoint 61",9.19308856129646,10,11
"1854","User #25358","Timepoint 62",9.99376213550568,10,11
"1855","User #25358","Timepoint 63",6.83528379350901,10,11
"1856","User #25358","Timepoint 64",7.87646234035492,10,11
"1857","User #25362","Timepoint 1",0,10,11
"1858","User #25362","Timepoint 2",0,10,11
"1859","User #25362","Timepoint 3",0,10,11
"1860","User #25362","Timepoint 4",0,10,11
"1861","User #25362","Timepoint 5",0,10,11
"1862","User #25362","Timepoint 6",0,10,11
"1863","User #25362","Timepoint 7",0,10,11
"1864","User #25362","Timepoint 8",0,10,11
"1865","User #25362","Timepoint 9",0,10,11
"1866","User #25362","Timepoint 10",0,10,11
"1867","User #25362","Timepoint 11",0,10,11
"1868","User #25362","Timepoint 12",0,10,11
"1869","User #25362","Timepoint 13",0,10,11
"1870","User #25362","Timepoint 14",0,10,11
"1871","User #25362","Timepoint 15",0,10,11
"1872","User #25362","Timepoint 16",0,10,11
"1873","User #25362","Timepoint 17",10.1576660275459,10,11
"1874","User #25362","Timepoint 18",9.90098130702972,10,11
"1875","User #25362","Timepoint 19",12.1641803979874,10,11
"1876","User #25362","Timepoint 20",12.5463814735413,10,11
"1877","User #25362","Timepoint 21",10.9003750681877,10,11
"1878","User #25362","Timepoint 22",12.0955080986023,10,11
"1879","User #25362","Timepoint 23",13.1518132686615,10,11
"1880","User #25362","Timepoint 24",10.2973885536194,10,11
"1881","User #25362","Timepoint 25",9.47289463877678,10,11
"1882","User #25362","Timepoint 26",10.8096451759338,10,11
"1883","User #25362","Timepoint 27",10.8692209124565,10,11
"1884","User #25362","Timepoint 28",10.1292223930359,10,11
"1885","User #25362","Timepoint 29",9.51116186380386,10,11
"1886","User #25362","Timepoint 30",9.48845100402832,10,11
"1887","User #25362","Timepoint 31",11.2287620902061,10,11
"1888","User #25362","Timepoint 32",12.4855823516846,10,11
"1889","User #25362","Timepoint 33",8.15262866020203,10,11
"1890","User #25362","Timepoint 34",7.8608739823103,10,11
"1891","User #25362","Timepoint 35",7.09299755096436,10,11
"1892","User #25362","Timepoint 36",8.20286211371422,10,11
"1893","User #25362","Timepoint 37",8.06212675571442,10,11
"1894","User #25362","Timepoint 38",10.3097088336945,10,11
"1895","User #25362","Timepoint 39",11.7587683796883,10,11
"1896","User #25362","Timepoint 40",11.6301177144051,10,11
"1897","User #25362","Timepoint 41",11.5322740077972,10,11
"1898","User #25362","Timepoint 42",8.23686775565147,10,11
"1899","User #25362","Timepoint 43",14.6022410392761,10,11
"1900","User #25362","Timepoint 44",14.4151015281677,10,11
"1901","User #25362","Timepoint 45",10.3110472559929,10,11
"1902","User #25362","Timepoint 46",10.1120002269745,10,11
"1903","User #25362","Timepoint 47",12.4608243703842,10,11
"1904","User #25362","Timepoint 48",11.414521753788,10,11
"1905","User #25362","Timepoint 49",8.63902735710144,10,11
"1906","User #25362","Timepoint 50",9.50305032730103,10,11
"1907","User #25362","Timepoint 51",11.1183824539185,10,11
"1908","User #25362","Timepoint 52",9.99355340003967,10,11
"1909","User #25362","Timepoint 53",8.10678744316101,10,11
"1910","User #25362","Timepoint 54",7.3675873875618,10,11
"1911","User #25362","Timepoint 55",9.18548703193665,10,11
"1912","User #25362","Timepoint 56",11.2112245559692,10,11
"1913","User #25362","Timepoint 57",7.79379749298096,10,11
"1914","User #25362","Timepoint 58",8.05405616760254,10,11
"1915","User #25362","Timepoint 59",10.7776556015015,10,11
"1916","User #25362","Timepoint 60",9.23955798149109,10,11
"1917","User #25362","Timepoint 61",7.237169444561,10,11
"1918","User #25362","Timepoint 62",11.5518827438354,10,11
"1919","User #25362","Timepoint 63",11.8240036964417,10,11
"1920","User #25362","Timepoint 64",8.067218542099,10,11
"1921","User #25309","Timepoint 1",0,10,11
"1922","User #25309","Timepoint 2",0,10,11
"1923","User #25309","Timepoint 3",0,10,11
"1924","User #25309","Timepoint 4",0,10,11
"1925","User #25309","Timepoint 5",0,10,11
"1926","User #25309","Timepoint 6",0,10,11
"1927","User #25309","Timepoint 7",0,10,11
"1928","User #25309","Timepoint 8",0,10,11
"1929","User #25309","Timepoint 9",0,10,11
"1930","User #25309","Timepoint 10",0,10,11
"1931","User #25309","Timepoint 11",0,10,11
"1932","User #25309","Timepoint 12",0,10,11
"1933","User #25309","Timepoint 13",0,10,11
"1934","User #25309","Timepoint 14",0,10,11
"1935","User #25309","Timepoint 15",0,10,11
"1936","User #25309","Timepoint 16",0,10,11
"1937","User #25309","Timepoint 17",8.99179196357727,10,11
"1938","User #25309","Timepoint 18",8.2911524772644,10,11
"1939","User #25309","Timepoint 19",9.25544595718384,10,11
"1940","User #25309","Timepoint 20",10.785163640976,10,11
"1941","User #25309","Timepoint 21",8.68366134166718,10,11
"1942","User #25309","Timepoint 22",9.73784899711609,10,11
"1943","User #25309","Timepoint 23",9.23139095306396,10,11
"1944","User #25309","Timepoint 24",9.40852975845337,10,11
"1945","User #25309","Timepoint 25",7.06013262271881,10,11
"1946","User #25309","Timepoint 26",7.78952723741531,10,11
"1947","User #25309","Timepoint 27",7.99010145664215,10,11
"1948","User #25309","Timepoint 28",9.94280791282654,10,11
"1949","User #25309","Timepoint 29",7.03101471066475,10,11
"1950","User #25309","Timepoint 30",9.18337559700012,10,11
"1951","User #25309","Timepoint 31",10.1968333721161,10,11
"1952","User #25309","Timepoint 32",10.1195063591003,10,11
"1953","User #25309","Timepoint 33",7.01601719856262,10,11
"1954","User #25309","Timepoint 34",8.74360370635986,10,11
"1955","User #25309","Timepoint 35",9.01376914978027,10,11
"1956","User #25309","Timepoint 36",9.97691202163696,10,11
"1957","User #25309","Timepoint 37",7.34105944633484,10,11
"1958","User #25309","Timepoint 38",8.32255589962006,10,11
"1959","User #25309","Timepoint 39",9.16803860664368,10,11
"1960","User #25309","Timepoint 40",10.097261428833,10,11
"1961","User #25309","Timepoint 41",7.03867888450623,10,11
"1962","User #25309","Timepoint 42",9.00817346572876,10,11
"1963","User #25309","Timepoint 43",9.49668073654175,10,11
"1964","User #25309","Timepoint 44",10.2426986694336,10,11
"1965","User #25309","Timepoint 45",7.82810056209564,10,11
"1966","User #25309","Timepoint 46",9.33663439750671,10,11
"1967","User #25309","Timepoint 47",9.43236660957336,10,11
"1968","User #25309","Timepoint 48",9.93685531616211,10,11
"1969","User #25309","Timepoint 49",8.31212842464447,10,11
"1970","User #25309","Timepoint 50",9.40073275566101,10,11
"1971","User #25309","Timepoint 51",9.57661557197571,10,11
"1972","User #25309","Timepoint 52",9.66232538223267,10,11
"1973","User #25309","Timepoint 53",8.03306484222412,10,11
"1974","User #25309","Timepoint 54",8.91229891777039,10,11
"1975","User #25309","Timepoint 55",9.83863949775696,10,11
"1976","User #25309","Timepoint 56",10.6453127861023,10,11
"1977","User #25309","Timepoint 57",7.8608433008194,10,11
"1978","User #25309","Timepoint 58",8.10501289367676,10,11
"1979","User #25309","Timepoint 59",8.92947018146515,10,11
"1980","User #25309","Timepoint 60",9.99562335014343,10,11
"1981","User #25309","Timepoint 61",8.40520298480988,10,11
"1982","User #25309","Timepoint 62",8.900266289711,10,11
"1983","User #25309","Timepoint 63",9.42834305763245,10,11
"1984","User #25309","Timepoint 64",9.8198356628418,10,11
"1985","User #25393","Timepoint 1",0,10,11
"1986","User #25393","Timepoint 2",0,10,11
"1987","User #25393","Timepoint 3",0,10,11
"1988","User #25393","Timepoint 4",0,10,11
"1989","User #25393","Timepoint 5",0,10,11
"1990","User #25393","Timepoint 6",0,10,11
"1991","User #25393","Timepoint 7",0,10,11
"1992","User #25393","Timepoint 8",0,10,11
"1993","User #25393","Timepoint 9",0,10,11
"1994","User #25393","Timepoint 10",0,10,11
"1995","User #25393","Timepoint 11",0,10,11
"1996","User #25393","Timepoint 12",0,10,11
"1997","User #25393","Timepoint 13",0,10,11
"1998","User #25393","Timepoint 14",0,10,11
"1999","User #25393","Timepoint 15",0,10,11
"2000","User #25393","Timepoint 16",0,10,11
"2001","User #25393","Timepoint 17",7.53058230876923,10,11
"2002","User #25393","Timepoint 18",5.94799664616585,10,11
"2003","User #25393","Timepoint 19",5.68113124370575,10,11
"2004","User #25393","Timepoint 20",7.2107675075531,10,11
"2005","User #25393","Timepoint 21",7.76399618387222,10,11
"2006","User #25393","Timepoint 22",6.6608510017395,10,11
"2007","User #25393","Timepoint 23",5.38912151753902,10,11
"2008","User #25393","Timepoint 24",7.31308001279831,10,11
"2009","User #25393","Timepoint 25",7.42984533309937,10,11
"2010","User #25393","Timepoint 26",8.10722899436951,10,11
"2011","User #25393","Timepoint 27",9.42200672626495,10,11
"2012","User #25393","Timepoint 28",8.56678509712219,10,11
"2013","User #25393","Timepoint 29",7.60831308364868,10,11
"2014","User #25393","Timepoint 30",6.18934208154678,10,11
"2015","User #25393","Timepoint 31",7.92224597930908,10,11
"2016","User #25393","Timepoint 32",9.19340133666992,10,11
"2017","User #25393","Timepoint 33",7.99068379402161,10,11
"2018","User #25393","Timepoint 34",5.49259734153748,10,11
"2019","User #25393","Timepoint 35",6.68532204627991,10,11
"2020","User #25393","Timepoint 36",5.73129753768444,10,11
"2021","User #25393","Timepoint 37",10.1902689933777,10,11
"2022","User #25393","Timepoint 38",7.56260126829147,10,11
"2023","User #25393","Timepoint 39",5.87839198112488,10,11
"2024","User #25393","Timepoint 40",8.35407662391663,10,11
"2025","User #25393","Timepoint 41",8.63606977462769,10,11
"2026","User #25393","Timepoint 42",10.0472618341446,10,11
"2027","User #25393","Timepoint 43",5.69959807395935,10,11
"2028","User #25393","Timepoint 44",9.97126805782318,10,11
"2029","User #25393","Timepoint 45",9.91745901107788,10,11
"2030","User #25393","Timepoint 46",5.36110709607601,10,11
"2031","User #25393","Timepoint 47",5.34060169756413,10,11
"2032","User #25393","Timepoint 48",6.48548012971878,10,11
"2033","User #25393","Timepoint 49",7.50875562429428,10,11
"2034","User #25393","Timepoint 50",6.13552197813988,10,11
"2035","User #25393","Timepoint 51",9.19642418622971,10,11
"2036","User #25393","Timepoint 52",8.03104877471924,10,11
"2037","User #25393","Timepoint 53",6.19425818324089,10,11
"2038","User #25393","Timepoint 54",5.43713446706533,10,11
"2039","User #25393","Timepoint 55",6.91639184951782,10,11
"2040","User #25393","Timepoint 56",7.05296099185944,10,11
"2041","User #25393","Timepoint 57",6.13807827234268,10,11
"2042","User #25393","Timepoint 58",5.90339481830597,10,11
"2043","User #25393","Timepoint 59",6.5219284594059,10,11
"2044","User #25393","Timepoint 60",6.51332944631577,10,11
"2045","User #25393","Timepoint 61",6.29789084196091,10,11
"2046","User #25393","Timepoint 62",6.22340604662895,10,11
"2047","User #25393","Timepoint 63",6.646788418293,10,11
"2048","User #25393","Timepoint 64",6.86720862984657,10,11
"2049","User #25341","Timepoint 1",0,10,11
"2050","User #25341","Timepoint 2",0,10,11
"2051","User #25341","Timepoint 3",0,10,11
"2052","User #25341","Timepoint 4",0,10,11
"2053","User #25341","Timepoint 5",0,10,11
"2054","User #25341","Timepoint 6",0,10,11
"2055","User #25341","Timepoint 7",0,10,11
"2056","User #25341","Timepoint 8",0,10,11
"2057","User #25341","Timepoint 9",0,10,11
"2058","User #25341","Timepoint 10",0,10,11
"2059","User #25341","Timepoint 11",0,10,11
"2060","User #25341","Timepoint 12",0,10,11
"2061","User #25341","Timepoint 13",0,10,11
"2062","User #25341","Timepoint 14",0,10,11
"2063","User #25341","Timepoint 15",0,10,11
"2064","User #25341","Timepoint 16",0,10,11
"2065","User #25341","Timepoint 17",7.55670264363289,10,11
"2066","User #25341","Timepoint 18",8.00727328658104,10,11
"2067","User #25341","Timepoint 19",10.7207993865013,10,11
"2068","User #25341","Timepoint 20",8.00791937112808,10,11
"2069","User #25341","Timepoint 21",6.64016130566597,10,11
"2070","User #25341","Timepoint 22",8.1071965098381,10,11
"2071","User #25341","Timepoint 23",9.08341732621193,10,11
"2072","User #25341","Timepoint 24",8.57197538018227,10,11
"2073","User #25341","Timepoint 25",6.43010877817869,10,11
"2074","User #25341","Timepoint 26",8.45860308408737,10,11
"2075","User #25341","Timepoint 27",10.6475012302399,10,11
"2076","User #25341","Timepoint 28",9.24422040581703,10,11
"2077","User #25341","Timepoint 29",5.94653014093637,10,11
"2078","User #25341","Timepoint 30",7.03015646338463,10,11
"2079","User #25341","Timepoint 31",8.47405216097832,10,11
"2080","User #25341","Timepoint 32",10.2396380901337,10,11
"2081","User #25341","Timepoint 33",7.17170634865761,10,11
"2082","User #25341","Timepoint 34",7.63922706246376,10,11
"2083","User #25341","Timepoint 35",8.20653706789017,10,11
"2084","User #25341","Timepoint 36",8.22918716073036,10,11
"2085","User #25341","Timepoint 37",6.37776216119528,10,11
"2086","User #25341","Timepoint 38",8.37458476424217,10,11
"2087","User #25341","Timepoint 39",10.7684940695763,10,11
"2088","User #25341","Timepoint 40",9.92346388101578,10,11
"2089","User #25341","Timepoint 41",6.79659674316645,10,11
"2090","User #25341","Timepoint 42",7.67854204773903,10,11
"2091","User #25341","Timepoint 43",7.25223712623119,10,11
"2092","User #25341","Timepoint 44",8.56387564539909,10,11
"2093","User #25341","Timepoint 45",6.81633747369051,10,11
"2094","User #25341","Timepoint 46",7.86388403177261,10,11
"2095","User #25341","Timepoint 47",8.65372458100319,10,11
"2096","User #25341","Timepoint 48",7.23938980698586,10,11
"2097","User #25341","Timepoint 49",6.17116397619247,10,11
"2098","User #25341","Timepoint 50",6.48161467909813,10,11
"2099","User #25341","Timepoint 51",7.59300446510315,10,11
"2100","User #25341","Timepoint 52",7.13680505752563,10,11
"2101","User #25341","Timepoint 53",6.41987785696983,10,11
"2102","User #25341","Timepoint 54",6.19458845257759,10,11
"2103","User #25341","Timepoint 55",6.99170529842377,10,11
"2104","User #25341","Timepoint 56",7.03710997104645,10,11
"2105","User #25341","Timepoint 57",6.90625,10,11
"2106","User #25341","Timepoint 58",7.01616394519806,10,11
"2107","User #25341","Timepoint 59",6.49116498231888,10,11
"2108","User #25341","Timepoint 60",6.494520008564,10,11
"2109","User #25341","Timepoint 61",6.12652732431889,10,11
"2110","User #25341","Timepoint 62",6.08098152279854,10,11
"2111","User #25341","Timepoint 63",7.19420576095581,10,11
"2112","User #25341","Timepoint 64",7.84947967529297,10,11
"2113","User #25348","Timepoint 1",0,10,11
"2114","User #25348","Timepoint 2",0,10,11
"2115","User #25348","Timepoint 3",0,10,11
"2116","User #25348","Timepoint 4",0,10,11
"2117","User #25348","Timepoint 5",0,10,11
"2118","User #25348","Timepoint 6",0,10,11
"2119","User #25348","Timepoint 7",0,10,11
"2120","User #25348","Timepoint 8",0,10,11
"2121","User #25348","Timepoint 9",0,10,11
"2122","User #25348","Timepoint 10",0,10,11
"2123","User #25348","Timepoint 11",0,10,11
"2124","User #25348","Timepoint 12",0,10,11
"2125","User #25348","Timepoint 13",0,10,11
"2126","User #25348","Timepoint 14",0,10,11
"2127","User #25348","Timepoint 15",0,10,11
"2128","User #25348","Timepoint 16",0,10,11
"2129","User #25348","Timepoint 17",8.73026984930038,10,11
"2130","User #25348","Timepoint 18",7.58701527118683,10,11
"2131","User #25348","Timepoint 19",8.77697247266769,10,11
"2132","User #25348","Timepoint 20",8.32220017910004,10,11
"2133","User #25348","Timepoint 21",8.67777472734451,10,11
"2134","User #25348","Timepoint 22",8.57566544413567,10,11
"2135","User #25348","Timepoint 23",8.89744791388512,10,11
"2136","User #25348","Timepoint 24",9.16209959983826,10,11
"2137","User #25348","Timepoint 25",12.0508655309677,10,11
"2138","User #25348","Timepoint 26",9.1006925702095,10,11
"2139","User #25348","Timepoint 27",7.85447764396667,10,11
"2140","User #25348","Timepoint 28",9.93664538860321,10,11
"2141","User #25348","Timepoint 29",8.22143200039864,10,11
"2142","User #25348","Timepoint 30",7.79187595844269,10,11
"2143","User #25348","Timepoint 31",6.88615217804909,10,11
"2144","User #25348","Timepoint 32",8.83764913678169,10,11
"2145","User #25348","Timepoint 33",8.71020531654358,10,11
"2146","User #25348","Timepoint 34",8.16614979505539,10,11
"2147","User #25348","Timepoint 35",10.5966898202896,10,11
"2148","User #25348","Timepoint 36",11.1681720018387,10,11
"2149","User #25348","Timepoint 37",6.98128959536552,10,11
"2150","User #25348","Timepoint 38",7.28796023130417,10,11
"2151","User #25348","Timepoint 39",9.09733900427818,10,11
"2152","User #25348","Timepoint 40",8.69078263640404,10,11
"2153","User #25348","Timepoint 41",9.40585231781006,10,11
"2154","User #25348","Timepoint 42",10.9203761219978,10,11
"2155","User #25348","Timepoint 43",9.12256920337677,10,11
"2156","User #25348","Timepoint 44",6.17178255319595,10,11
"2157","User #25348","Timepoint 45",7.05316743254662,10,11
"2158","User #25348","Timepoint 46",6.00576782971621,10,11
"2159","User #25348","Timepoint 47",5.34136044979095,10,11
"2160","User #25348","Timepoint 48",6.27504947781563,10,11
"2161","User #25348","Timepoint 49",7.19937022030354,10,11
"2162","User #25348","Timepoint 50",9.02931201457977,10,11
"2163","User #25348","Timepoint 51",12.0446819663048,10,11
"2164","User #25348","Timepoint 52",10.5013362169266,10,11
"2165","User #25348","Timepoint 53",6.59337350726128,10,11
"2166","User #25348","Timepoint 54",9.2592548429966,10,11
"2167","User #25348","Timepoint 55",8.77698212862015,10,11
"2168","User #25348","Timepoint 56",10.448170542717,10,11
"2169","User #25348","Timepoint 57",6.59392282366753,10,11
"2170","User #25348","Timepoint 58",7.02812646329403,10,11
"2171","User #25348","Timepoint 59",9.21268445253372,10,11
"2172","User #25348","Timepoint 60",8.53371757268906,10,11
"2173","User #25348","Timepoint 61",9.09637287259102,10,11
"2174","User #25348","Timepoint 62",9.84947144985199,10,11
"2175","User #25348","Timepoint 63",7.56967881321907,10,11
"2176","User #25348","Timepoint 64",7.8725999891758,10,11
"2177","User #25385","Timepoint 1",0,10,11
"2178","User #25385","Timepoint 2",0,10,11
"2179","User #25385","Timepoint 3",0,10,11
"2180","User #25385","Timepoint 4",0,10,11
"2181","User #25385","Timepoint 5",0,10,11
"2182","User #25385","Timepoint 6",0,10,11
"2183","User #25385","Timepoint 7",0,10,11
"2184","User #25385","Timepoint 8",0,10,11
"2185","User #25385","Timepoint 9",0,10,11
"2186","User #25385","Timepoint 10",0,10,11
"2187","User #25385","Timepoint 11",0,10,11
"2188","User #25385","Timepoint 12",0,10,11
"2189","User #25385","Timepoint 13",0,10,11
"2190","User #25385","Timepoint 14",0,10,11
"2191","User #25385","Timepoint 15",0,10,11
"2192","User #25385","Timepoint 16",0,10,11
"2193","User #25385","Timepoint 17",7.53058230876923,10,11
"2194","User #25385","Timepoint 18",5.94799682497978,10,11
"2195","User #25385","Timepoint 19",5.68113151192665,10,11
"2196","User #25385","Timepoint 20",7.2107675075531,10,11
"2197","User #25385","Timepoint 21",7.76399600505829,10,11
"2198","User #25385","Timepoint 22",6.66085135936737,10,11
"2199","User #25385","Timepoint 23",5.38912174105644,10,11
"2200","User #25385","Timepoint 24",7.31308019161224,10,11
"2201","User #25385","Timepoint 25",7.42984640598297,10,11
"2202","User #25385","Timepoint 26",8.10722935199738,10,11
"2203","User #25385","Timepoint 27",9.42200672626495,10,11
"2204","User #25385","Timepoint 28",8.56678545475006,10,11
"2205","User #25385","Timepoint 29",7.60831415653229,10,11
"2206","User #25385","Timepoint 30",6.18934261798859,10,11
"2207","User #25385","Timepoint 31",7.92224651575089,10,11
"2208","User #25385","Timepoint 32",9.1934027671814,10,11
"2209","User #25385","Timepoint 33",7.99068343639374,10,11
"2210","User #25385","Timepoint 34",5.49259662628174,10,11
"2211","User #25385","Timepoint 35",6.68532258272171,10,11
"2212","User #25385","Timepoint 36",5.73129767179489,10,11
"2213","User #25385","Timepoint 37",10.1902697086334,10,11
"2214","User #25385","Timepoint 38",7.56260126829147,10,11
"2215","User #25385","Timepoint 39",5.87839207053185,10,11
"2216","User #25385","Timepoint 40",8.35407698154449,10,11
"2217","User #25385","Timepoint 41",8.63606905937195,10,11
"2218","User #25385","Timepoint 42",10.0472625494003,10,11
"2219","User #25385","Timepoint 43",5.69959771633148,10,11
"2220","User #25385","Timepoint 44",9.97126913070679,10,11
"2221","User #25385","Timepoint 45",9.91745829582214,10,11
"2222","User #25385","Timepoint 46",5.36110660433769,10,11
"2223","User #25385","Timepoint 47",5.34060174226761,10,11
"2224","User #25385","Timepoint 48",6.48548030853271,10,11
"2225","User #25385","Timepoint 49",7.50875532627106,10,11
"2226","User #25385","Timepoint 50",6.1355222016573,10,11
"2227","User #25385","Timepoint 51",9.19642388820648,10,11
"2228","User #25385","Timepoint 52",8.03104847669601,10,11
"2229","User #25385","Timepoint 53",6.19425863027573,10,11
"2230","User #25385","Timepoint 54",5.43713424354792,10,11
"2231","User #25385","Timepoint 55",6.91639184951782,10,11
"2232","User #25385","Timepoint 56",7.05296099185944,10,11
"2233","User #25385","Timepoint 57",6.13807789981365,10,11
"2234","User #25385","Timepoint 58",5.90339496731758,10,11
"2235","User #25385","Timepoint 59",6.5219284594059,10,11
"2236","User #25385","Timepoint 60",6.51332974433899,10,11
"2237","User #25385","Timepoint 61",6.29789054393768,10,11
"2238","User #25385","Timepoint 62",6.22340604662895,10,11
"2239","User #25385","Timepoint 63",6.64678856730461,10,11
"2240","User #25385","Timepoint 64",6.86720848083496,10,11
"2241","User #25366","Timepoint 1",0,10,11
"2242","User #25366","Timepoint 2",0,10,11
"2243","User #25366","Timepoint 3",0,10,11
"2244","User #25366","Timepoint 4",0,10,11
"2245","User #25366","Timepoint 5",0,10,11
"2246","User #25366","Timepoint 6",0,10,11
"2247","User #25366","Timepoint 7",0,10,11
"2248","User #25366","Timepoint 8",0,10,11
"2249","User #25366","Timepoint 9",0,10,11
"2250","User #25366","Timepoint 10",0,10,11
"2251","User #25366","Timepoint 11",0,10,11
"2252","User #25366","Timepoint 12",0,10,11
"2253","User #25366","Timepoint 13",0,10,11
"2254","User #25366","Timepoint 14",0,10,11
"2255","User #25366","Timepoint 15",0,10,11
"2256","User #25366","Timepoint 16",0,10,11
"2257","User #25366","Timepoint 17",5.47515863180161,10,11
"2258","User #25366","Timepoint 18",7.41855946183205,10,11
"2259","User #25366","Timepoint 19",10.4206018447876,10,11
"2260","User #25366","Timepoint 20",9.59973442554474,10,11
"2261","User #25366","Timepoint 21",5.78038559854031,10,11
"2262","User #25366","Timepoint 22",6.0867257937789,10,11
"2263","User #25366","Timepoint 23",9.12768590450287,10,11
"2264","User #25366","Timepoint 24",9.21101182699203,10,11
"2265","User #25366","Timepoint 25",9.1545644402504,10,11
"2266","User #25366","Timepoint 26",10.5176588892937,10,11
"2267","User #25366","Timepoint 27",11.3733547925949,10,11
"2268","User #25366","Timepoint 28",12.0273108482361,10,11
"2269","User #25366","Timepoint 29",7.40383553504944,10,11
"2270","User #25366","Timepoint 30",7.26145994663239,10,11
"2271","User #25366","Timepoint 31",9.04737302660942,10,11
"2272","User #25366","Timepoint 32",9.69315695762634,10,11
"2273","User #25366","Timepoint 33",6.61792396008968,10,11
"2274","User #25366","Timepoint 34",5.82272332906723,10,11
"2275","User #25366","Timepoint 35",6.5313313677907,10,11
"2276","User #25366","Timepoint 36",7.81670296192169,10,11
"2277","User #25366","Timepoint 37",8.47795391082764,10,11
"2278","User #25366","Timepoint 38",7.55016669631004,10,11
"2279","User #25366","Timepoint 39",7.27114860713482,10,11
"2280","User #25366","Timepoint 40",8.4563339650631,10,11
"2281","User #25366","Timepoint 41",9.69243431091309,10,11
"2282","User #25366","Timepoint 42",9.344746530056,10,11
"2283","User #25366","Timepoint 43",11.60375893116,10,11
"2284","User #25366","Timepoint 44",12.939066529274,10,11
"2285","User #25366","Timepoint 45",7.99593645334244,10,11
"2286","User #25366","Timepoint 46",6.02306821197271,10,11
"2287","User #25366","Timepoint 47",6.35518508404493,10,11
"2288","User #25366","Timepoint 48",6.90377506613731,10,11
"2289","User #25366","Timepoint 49",9.79225593805313,10,11
"2290","User #25366","Timepoint 50",7.18989956378937,10,11
"2291","User #25366","Timepoint 51",6.56380478292704,10,11
"2292","User #25366","Timepoint 52",7.32063895463943,10,11
"2293","User #25366","Timepoint 53",8.36576300859451,10,11
"2294","User #25366","Timepoint 54",7.76859876513481,10,11
"2295","User #25366","Timepoint 55",7.93526688218117,10,11
"2296","User #25366","Timepoint 56",9.93455600738525,10,11
"2297","User #25366","Timepoint 57",10.7421316504478,10,11
"2298","User #25366","Timepoint 58",7.60517880320549,10,11
"2299","User #25366","Timepoint 59",8.31218492984772,10,11
"2300","User #25366","Timepoint 60",9.97417014837265,10,11
"2301","User #25366","Timepoint 61",9.95979189872742,10,11
"2302","User #25366","Timepoint 62",8.68709442019463,10,11
"2303","User #25366","Timepoint 63",10.5662756562233,10,11
"2304","User #25366","Timepoint 64",10.5980433225632,10,11
"2305","User #25390","Timepoint 1",0,10,11
"2306","User #25390","Timepoint 2",0,10,11
"2307","User #25390","Timepoint 3",0,10,11
"2308","User #25390","Timepoint 4",0,10,11
"2309","User #25390","Timepoint 5",0,10,11
"2310","User #25390","Timepoint 6",0,10,11
"2311","User #25390","Timepoint 7",0,10,11
"2312","User #25390","Timepoint 8",0,10,11
"2313","User #25390","Timepoint 9",0,10,11
"2314","User #25390","Timepoint 10",0,10,11
"2315","User #25390","Timepoint 11",0,10,11
"2316","User #25390","Timepoint 12",0,10,11
"2317","User #25390","Timepoint 13",0,10,11
"2318","User #25390","Timepoint 14",0,10,11
"2319","User #25390","Timepoint 15",0,10,11
"2320","User #25390","Timepoint 16",0,10,11
"2321","User #25390","Timepoint 17",9.95151275396347,10,11
"2322","User #25390","Timepoint 18",8.80163645744324,10,11
"2323","User #25390","Timepoint 19",8.98922315239906,10,11
"2324","User #25390","Timepoint 20",13.589632153511,10,11
"2325","User #25390","Timepoint 21",14.5992954969406,10,11
"2326","User #25390","Timepoint 22",8.25452840328217,10,11
"2327","User #25390","Timepoint 23",7.6714893579483,10,11
"2328","User #25390","Timepoint 24",9.6227850317955,10,11
"2329","User #25390","Timepoint 25",8.87616956233978,10,11
"2330","User #25390","Timepoint 26",10.9881895780563,10,11
"2331","User #25390","Timepoint 27",7.9747084826231,10,11
"2332","User #25390","Timepoint 28",17.2603223323822,10,11
"2333","User #25390","Timepoint 29",13.5952274799347,10,11
"2334","User #25390","Timepoint 30",13.107218503952,10,11
"2335","User #25390","Timepoint 31",7.31454118341208,10,11
"2336","User #25390","Timepoint 32",13.8605720996857,10,11
"2337","User #25390","Timepoint 33",10.2273523807526,10,11
"2338","User #25390","Timepoint 34",12.8115939497948,10,11
"2339","User #25390","Timepoint 35",10.1634388566017,10,11
"2340","User #25390","Timepoint 36",10.9441845715046,10,11
"2341","User #25390","Timepoint 37",14.3827804923058,10,11
"2342","User #25390","Timepoint 38",17.1560056209564,10,11
"2343","User #25390","Timepoint 39",9.7663916349411,10,11
"2344","User #25390","Timepoint 40",11.8011811971664,10,11
"2345","User #25390","Timepoint 41",5.6831512004137,10,11
"2346","User #25390","Timepoint 42",6.00086939334869,10,11
"2347","User #25390","Timepoint 43",7.96901366114616,10,11
"2348","User #25390","Timepoint 44",9.62797483801842,10,11
"2349","User #25390","Timepoint 45",9.92090499401093,10,11
"2350","User #25390","Timepoint 46",11.0643185377121,10,11
"2351","User #25390","Timepoint 47",9.81991538405418,10,11
"2352","User #25390","Timepoint 48",8.80528515577316,10,11
"2353","User #25390","Timepoint 49",7.14801039546728,10,11
"2354","User #25390","Timepoint 50",9.15752452611923,10,11
"2355","User #25390","Timepoint 51",11.1973780095577,10,11
"2356","User #25390","Timepoint 52",8.83845749497414,10,11
"2357","User #25390","Timepoint 53",10.7927760481834,10,11
"2358","User #25390","Timepoint 54",12.4964972138405,10,11
"2359","User #25390","Timepoint 55",10.4223144948483,10,11
"2360","User #25390","Timepoint 56",8.66160446405411,10,11
"2361","User #25390","Timepoint 57",6.03838230669498,10,11
"2362","User #25390","Timepoint 58",6.59647677838802,10,11
"2363","User #25390","Timepoint 59",10.1356599032879,10,11
"2364","User #25390","Timepoint 60",12.0145313739777,10,11
"2365","User #25390","Timepoint 61",9.27237623929977,10,11
"2366","User #25390","Timepoint 62",10.7102518677711,10,11
"2367","User #25390","Timepoint 63",10.1672154068947,10,11
"2368","User #25390","Timepoint 64",11.2595429122448,10,11
"2369","User #25317","Timepoint 1",0,10,11
"2370","User #25317","Timepoint 2",0,10,11
"2371","User #25317","Timepoint 3",0,10,11
"2372","User #25317","Timepoint 4",0,10,11
"2373","User #25317","Timepoint 5",0,10,11
"2374","User #25317","Timepoint 6",0,10,11
"2375","User #25317","Timepoint 7",0,10,11
"2376","User #25317","Timepoint 8",0,10,11
"2377","User #25317","Timepoint 9",0,10,11
"2378","User #25317","Timepoint 10",0,10,11
"2379","User #25317","Timepoint 11",0,10,11
"2380","User #25317","Timepoint 12",0,10,11
"2381","User #25317","Timepoint 13",0,10,11
"2382","User #25317","Timepoint 14",0,10,11
"2383","User #25317","Timepoint 15",0,10,11
"2384","User #25317","Timepoint 16",0,10,11
"2385","User #25317","Timepoint 17",9.48054695129395,10,11
"2386","User #25317","Timepoint 18",8.95258712768555,10,11
"2387","User #25317","Timepoint 19",10.4839644432068,10,11
"2388","User #25317","Timepoint 20",10.7032823562622,10,11
"2389","User #25317","Timepoint 21",8.78928351402283,10,11
"2390","User #25317","Timepoint 22",9.17267560958862,10,11
"2391","User #25317","Timepoint 23",13.4328141212463,10,11
"2392","User #25317","Timepoint 24",12.8684325218201,10,11
"2393","User #25317","Timepoint 25",8.31823444366455,10,11
"2394","User #25317","Timepoint 26",7.081050157547,10,11
"2395","User #25317","Timepoint 27",7.94603776931763,10,11
"2396","User #25317","Timepoint 28",10.347207069397,10,11
"2397","User #25317","Timepoint 29",9.8879919052124,10,11
"2398","User #25317","Timepoint 30",8.19273161888123,10,11
"2399","User #25317","Timepoint 31",8.35982394218445,10,11
"2400","User #25317","Timepoint 32",8.66845417022705,10,11
"2401","User #25317","Timepoint 33",9.19244623184204,10,11
"2402","User #25317","Timepoint 34",9.36463022232056,10,11
"2403","User #25317","Timepoint 35",8.58386087417603,10,11
"2404","User #25317","Timepoint 36",6.93187659978867,10,11
"2405","User #25317","Timepoint 37",7.21857142448425,10,11
"2406","User #25317","Timepoint 38",6.69583231210709,10,11
"2407","User #25317","Timepoint 39",6.94511824846268,10,11
"2408","User #25317","Timepoint 40",9.84206438064575,10,11
"2409","User #25317","Timepoint 41",7.59149277210236,10,11
"2410","User #25317","Timepoint 42",6.76543772220612,10,11
"2411","User #25317","Timepoint 43",7.64754700660706,10,11
"2412","User #25317","Timepoint 44",7.94232618808746,10,11
"2413","User #25317","Timepoint 45",7.69647479057312,10,11
"2414","User #25317","Timepoint 46",7.25301241874695,10,11
"2415","User #25317","Timepoint 47",7.6614294052124,10,11
"2416","User #25317","Timepoint 48",7.99618053436279,10,11
"2417","User #25317","Timepoint 49",6.99811415374279,10,11
"2418","User #25317","Timepoint 50",5.59539890289307,10,11
"2419","User #25317","Timepoint 51",10.1316677331924,10,11
"2420","User #25317","Timepoint 52",7.39816495776176,10,11
"2421","User #25317","Timepoint 53",5.04419925063848,10,11
"2422","User #25317","Timepoint 54",5.18370422720909,10,11
"2423","User #25317","Timepoint 55",4.33999841660261,10,11
"2424","User #25317","Timepoint 56",5.44783931970596,10,11
"2425","User #25317","Timepoint 57",6.88716028630733,10,11
"2426","User #25317","Timepoint 58",5.55940459668636,10,11
"2427","User #25317","Timepoint 59",7.27752321958542,10,11
"2428","User #25317","Timepoint 60",8.02361184358597,10,11
"2429","User #25317","Timepoint 61",7.11105754971504,10,11
"2430","User #25317","Timepoint 62",5.71458842605352,10,11
"2431","User #25317","Timepoint 63",5.63090122491121,10,11
"2432","User #25317","Timepoint 64",5.5025488063693,10,11
"2433","User #25304","Timepoint 1",0,10,11
"2434","User #25304","Timepoint 2",0,10,11
"2435","User #25304","Timepoint 3",0,10,11
"2436","User #25304","Timepoint 4",0,10,11
"2437","User #25304","Timepoint 5",0,10,11
"2438","User #25304","Timepoint 6",0,10,11
"2439","User #25304","Timepoint 7",0,10,11
"2440","User #25304","Timepoint 8",0,10,11
"2441","User #25304","Timepoint 9",0,10,11
"2442","User #25304","Timepoint 10",0,10,11
"2443","User #25304","Timepoint 11",0,10,11
"2444","User #25304","Timepoint 12",0,10,11
"2445","User #25304","Timepoint 13",0,10,11
"2446","User #25304","Timepoint 14",0,10,11
"2447","User #25304","Timepoint 15",0,10,11
"2448","User #25304","Timepoint 16",0,10,11
"2449","User #25304","Timepoint 17",12.138685464859,10,11
"2450","User #25304","Timepoint 18",9.51536005735397,10,11
"2451","User #25304","Timepoint 19",8.65878950059414,10,11
"2452","User #25304","Timepoint 20",10.8616825342178,10,11
"2453","User #25304","Timepoint 21",15.8760824799538,10,11
"2454","User #25304","Timepoint 22",9.99829071760178,10,11
"2455","User #25304","Timepoint 23",8.79168611764908,10,11
"2456","User #25304","Timepoint 24",7.27064421027899,10,11
"2457","User #25304","Timepoint 25",8.55941365659237,10,11
"2458","User #25304","Timepoint 26",9.59656339883804,10,11
"2459","User #25304","Timepoint 27",10.4298726320267,10,11
"2460","User #25304","Timepoint 28",11.2783417105675,10,11
"2461","User #25304","Timepoint 29",14.3530796766281,10,11
"2462","User #25304","Timepoint 30",9.59290808439255,10,11
"2463","User #25304","Timepoint 31",10.8200549185276,10,11
"2464","User #25304","Timepoint 32",10.6242026984692,10,11
"2465","User #25304","Timepoint 33",12.923258960247,10,11
"2466","User #25304","Timepoint 34",10.0000035762787,10,11
"2467","User #25304","Timepoint 35",14.8433005809784,10,11
"2468","User #25304","Timepoint 36",9.18096423149109,10,11
"2469","User #25304","Timepoint 37",9.72329723834991,10,11
"2470","User #25304","Timepoint 38",11.8219256997108,10,11
"2471","User #25304","Timepoint 39",13.166962325573,10,11
"2472","User #25304","Timepoint 40",9.2084142267704,10,11
"2473","User #25304","Timepoint 41",8.6568371206522,10,11
"2474","User #25304","Timepoint 42",7.12100732326508,10,11
"2475","User #25304","Timepoint 43",9.04197014868259,10,11
"2476","User #25304","Timepoint 44",7.77511884272099,10,11
"2477","User #25304","Timepoint 45",9.39081811904907,10,11
"2478","User #25304","Timepoint 46",9.40047460794449,10,11
"2479","User #25304","Timepoint 47",10.8039117753506,10,11
"2480","User #25304","Timepoint 48",10.3099202215672,10,11
"2481","User #25304","Timepoint 49",10.5591593980789,10,11
"2482","User #25304","Timepoint 50",9.80312728881836,10,11
"2483","User #25304","Timepoint 51",11.9807339310646,10,11
"2484","User #25304","Timepoint 52",13.4488565921783,10,11
"2485","User #25304","Timepoint 53",11.4100014269352,10,11
"2486","User #25304","Timepoint 54",11.0971228182316,10,11
"2487","User #25304","Timepoint 55",12.1031767725945,10,11
"2488","User #25304","Timepoint 56",11.0479804575443,10,11
"2489","User #25304","Timepoint 57",13.6825161576271,10,11
"2490","User #25304","Timepoint 58",10.1434100270271,10,11
"2491","User #25304","Timepoint 59",8.63989146053791,10,11
"2492","User #25304","Timepoint 60",10.0268291532993,10,11
"2493","User #25304","Timepoint 61",9.63405531644821,10,11
"2494","User #25304","Timepoint 62",9.84321853518486,10,11
"2495","User #25304","Timepoint 63",8.25306421518326,10,11
"2496","User #25304","Timepoint 64",9.16192671656609,10,11
"2497","User #25317","Timepoint 1",0,10,11
"2498","User #25317","Timepoint 2",0,10,11
"2499","User #25317","Timepoint 3",0,10,11
"2500","User #25317","Timepoint 4",0,10,11
"2501","User #25317","Timepoint 5",0,10,11
"2502","User #25317","Timepoint 6",0,10,11
"2503","User #25317","Timepoint 7",0,10,11
"2504","User #25317","Timepoint 8",0,10,11
"2505","User #25317","Timepoint 9",0,10,11
"2506","User #25317","Timepoint 10",0,10,11
"2507","User #25317","Timepoint 11",0,10,11
"2508","User #25317","Timepoint 12",0,10,11
"2509","User #25317","Timepoint 13",0,10,11
"2510","User #25317","Timepoint 14",0,10,11
"2511","User #25317","Timepoint 15",0,10,11
"2512","User #25317","Timepoint 16",0,10,11
"2513","User #25317","Timepoint 17",9.02015113830566,10,11
"2514","User #25317","Timepoint 18",8.62372922897339,10,11
"2515","User #25317","Timepoint 19",9.26046276092529,10,11
"2516","User #25317","Timepoint 20",10.0588076114655,10,11
"2517","User #25317","Timepoint 21",9.45617836713791,10,11
"2518","User #25317","Timepoint 22",8.63831239938736,10,11
"2519","User #25317","Timepoint 23",9.32077419757843,10,11
"2520","User #25317","Timepoint 24",10.3019630908966,10,11
"2521","User #25317","Timepoint 25",11.7720489501953,10,11
"2522","User #25317","Timepoint 26",9.25583505630493,10,11
"2523","User #25317","Timepoint 27",8.48049068450928,10,11
"2524","User #25317","Timepoint 28",10.4681617021561,10,11
"2525","User #25317","Timepoint 29",10.9136701822281,10,11
"2526","User #25317","Timepoint 30",9.8209827542305,10,11
"2527","User #25317","Timepoint 31",9.58745390176773,10,11
"2528","User #25317","Timepoint 32",10.2785910367966,10,11
"2529","User #25317","Timepoint 33",9.88502943515778,10,11
"2530","User #25317","Timepoint 34",8.59556514024734,10,11
"2531","User #25317","Timepoint 35",9.49568140506744,10,11
"2532","User #25317","Timepoint 36",9.39631199836731,10,11
"2533","User #25317","Timepoint 37",10.3755242824554,10,11
"2534","User #25317","Timepoint 38",9.63407498598099,10,11
"2535","User #25317","Timepoint 39",9.09425717592239,10,11
"2536","User #25317","Timepoint 40",8.78555136919022,10,11
"2537","User #25317","Timepoint 41",9.74100017547607,10,11
"2538","User #25317","Timepoint 42",8.93309915065765,10,11
"2539","User #25317","Timepoint 43",9.99331665039062,10,11
"2540","User #25317","Timepoint 44",9.57439887523651,10,11
"2541","User #25317","Timepoint 45",9.13961279392242,10,11
"2542","User #25317","Timepoint 46",8.22770589590073,10,11
"2543","User #25317","Timepoint 47",8.04131668806076,10,11
"2544","User #25317","Timepoint 48",7.62382535636425,10,11
"2545","User #25317","Timepoint 49",7.87564182281494,10,11
"2546","User #25317","Timepoint 50",7.37863653898239,10,11
"2547","User #25317","Timepoint 51",7.32589907944202,10,11
"2548","User #25317","Timepoint 52",7.36977264285088,10,11
"2549","User #25317","Timepoint 53",7.66169819235802,10,11
"2550","User #25317","Timepoint 54",7.67279377579689,10,11
"2551","User #25317","Timepoint 55",7.57057693600655,10,11
"2552","User #25317","Timepoint 56",7.64314293861389,10,11
"2553","User #25317","Timepoint 57",8.22584623098373,10,11
"2554","User #25317","Timepoint 58",7.21899858862162,10,11
"2555","User #25317","Timepoint 59",6.94499079883099,10,11
"2556","User #25317","Timepoint 60",7.52789360284805,10,11
"2557","User #25317","Timepoint 61",7.88778391480446,10,11
"2558","User #25317","Timepoint 62",7.70561945438385,10,11
"2559","User #25317","Timepoint 63",7.76764768362045,10,11
"2560","User #25317","Timepoint 64",7.92313122749329,10,11
"2561","User #25396","Timepoint 1",0,10,11
"2562","User #25396","Timepoint 2",0,10,11
"2563","User #25396","Timepoint 3",0,10,11
"2564","User #25396","Timepoint 4",0,10,11
"2565","User #25396","Timepoint 5",0,10,11
"2566","User #25396","Timepoint 6",0,10,11
"2567","User #25396","Timepoint 7",0,10,11
"2568","User #25396","Timepoint 8",0,10,11
"2569","User #25396","Timepoint 9",0,10,11
"2570","User #25396","Timepoint 10",0,10,11
"2571","User #25396","Timepoint 11",0,10,11
"2572","User #25396","Timepoint 12",0,10,11
"2573","User #25396","Timepoint 13",0,10,11
"2574","User #25396","Timepoint 14",0,10,11
"2575","User #25396","Timepoint 15",0,10,11
"2576","User #25396","Timepoint 16",0,10,11
"2577","User #25396","Timepoint 17",9.1343035697937,10,11
"2578","User #25396","Timepoint 18",9.67570698261261,10,11
"2579","User #25396","Timepoint 19",9.45187342166901,10,11
"2580","User #25396","Timepoint 20",7.80826896429062,10,11
"2581","User #25396","Timepoint 21",9.24998795986176,10,11
"2582","User #25396","Timepoint 22",11.5292407274246,10,11
"2583","User #25396","Timepoint 23",11.402896463871,10,11
"2584","User #25396","Timepoint 24",8.84318709373474,10,11
"2585","User #25396","Timepoint 25",8.88110643625259,10,11
"2586","User #25396","Timepoint 26",8.34348022937775,10,11
"2587","User #25396","Timepoint 27",9.25016903877258,10,11
"2588","User #25396","Timepoint 28",12.1118133068085,10,11
"2589","User #25396","Timepoint 29",9.0930113196373,10,11
"2590","User #25396","Timepoint 30",9.05702126026154,10,11
"2591","User #25396","Timepoint 31",8.84644401073456,10,11
"2592","User #25396","Timepoint 32",11.0267667770386,10,11
"2593","User #25396","Timepoint 33",9.72522246837616,10,11
"2594","User #25396","Timepoint 34",8.85293990373611,10,11
"2595","User #25396","Timepoint 35",10.498206615448,10,11
"2596","User #25396","Timepoint 36",10.4621911048889,10,11
"2597","User #25396","Timepoint 37",7.44355142116547,10,11
"2598","User #25396","Timepoint 38",5.92806425690651,10,11
"2599","User #25396","Timepoint 39",7.43017140030861,10,11
"2600","User #25396","Timepoint 40",8.11955800652504,10,11
"2601","User #25396","Timepoint 41",7.96457469463348,10,11
"2602","User #25396","Timepoint 42",5.79763382673264,10,11
"2603","User #25396","Timepoint 43",7.11525765061378,10,11
"2604","User #25396","Timepoint 44",4.52570775896311,10,11
"2605","User #25396","Timepoint 45",11.2557619214058,10,11
"2606","User #25396","Timepoint 46",6.44876855611801,10,11
"2607","User #25396","Timepoint 47",7.09759786725044,10,11
"2608","User #25396","Timepoint 48",6.18413278460503,10,11
"2609","User #25396","Timepoint 49",9.45822077989578,10,11
"2610","User #25396","Timepoint 50",8.83193641901016,10,11
"2611","User #25396","Timepoint 51",8.73379123210907,10,11
"2612","User #25396","Timepoint 52",10.04041492939,10,11
"2613","User #25396","Timepoint 53",9.3394655585289,10,11
"2614","User #25396","Timepoint 54",7.08003029227257,10,11
"2615","User #25396","Timepoint 55",7.00004452466965,10,11
"2616","User #25396","Timepoint 56",7.62474966049194,10,11
"2617","User #25396","Timepoint 57",8.67983388900757,10,11
"2618","User #25396","Timepoint 58",7.77639698982239,10,11
"2619","User #25396","Timepoint 59",9.38279056549072,10,11
"2620","User #25396","Timepoint 60",9.94756776094437,10,11
"2621","User #25396","Timepoint 61",8.31000879406929,10,11
"2622","User #25396","Timepoint 62",8.70658600330353,10,11
"2623","User #25396","Timepoint 63",9.42219191789627,10,11
"2624","User #25396","Timepoint 64",8.89054131507874,10,11
"2625","User #25344","Timepoint 1",0,10,11
"2626","User #25344","Timepoint 2",0,10,11
"2627","User #25344","Timepoint 3",0,10,11
"2628","User #25344","Timepoint 4",0,10,11
"2629","User #25344","Timepoint 5",0,10,11
"2630","User #25344","Timepoint 6",0,10,11
"2631","User #25344","Timepoint 7",0,10,11
"2632","User #25344","Timepoint 8",0,10,11
"2633","User #25344","Timepoint 9",0,10,11
"2634","User #25344","Timepoint 10",0,10,11
"2635","User #25344","Timepoint 11",0,10,11
"2636","User #25344","Timepoint 12",0,10,11
"2637","User #25344","Timepoint 13",0,10,11
"2638","User #25344","Timepoint 14",0,10,11
"2639","User #25344","Timepoint 15",0,10,11
"2640","User #25344","Timepoint 16",0,10,11
"2641","User #25344","Timepoint 17",8.34117221832275,10,11
"2642","User #25344","Timepoint 18",5.61638349294662,10,11
"2643","User #25344","Timepoint 19",5.33950632810593,10,11
"2644","User #25344","Timepoint 20",7.27528119087219,10,11
"2645","User #25344","Timepoint 21",6.65566408634186,10,11
"2646","User #25344","Timepoint 22",5.92860984802246,10,11
"2647","User #25344","Timepoint 23",4.7819530069828,10,11
"2648","User #25344","Timepoint 24",8.14579486846924,10,11
"2649","User #25344","Timepoint 25",8.59674954414368,10,11
"2650","User #25344","Timepoint 26",5.65719443559647,10,11
"2651","User #25344","Timepoint 27",7.49561333656311,10,11
"2652","User #25344","Timepoint 28",9.13595151901245,10,11
"2653","User #25344","Timepoint 29",8.57255959510803,10,11
"2654","User #25344","Timepoint 30",5.12278261780739,10,11
"2655","User #25344","Timepoint 31",7.20172882080078,10,11
"2656","User #25344","Timepoint 32",7.91101598739624,10,11
"2657","User #25344","Timepoint 33",8.0127956867218,10,11
"2658","User #25344","Timepoint 34",5.11936545372009,10,11
"2659","User #25344","Timepoint 35",8.33563113212585,10,11
"2660","User #25344","Timepoint 36",8.71486568450928,10,11
"2661","User #25344","Timepoint 37",7.11634230613708,10,11
"2662","User #25344","Timepoint 38",5.42278441786766,10,11
"2663","User #25344","Timepoint 39",7.30118060112,10,11
"2664","User #25344","Timepoint 40",6.37455666065216,10,11
"2665","User #25344","Timepoint 41",8.36520862579346,10,11
"2666","User #25344","Timepoint 42",5.13732618093491,10,11
"2667","User #25344","Timepoint 43",7.34581446647644,10,11
"2668","User #25344","Timepoint 44",8.15961408615112,10,11
"2669","User #25344","Timepoint 45",8.21986746788025,10,11
"2670","User #25344","Timepoint 46",5.85289084911346,10,11
"2671","User #25344","Timepoint 47",6.37408483028412,10,11
"2672","User #25344","Timepoint 48",7.27710318565369,10,11
"2673","User #25344","Timepoint 49",7.50446510314941,10,11
"2674","User #25344","Timepoint 50",5.27268727123737,10,11
"2675","User #25344","Timepoint 51",7.1999260187149,10,11
"2676","User #25344","Timepoint 52",7.78841376304626,10,11
"2677","User #25344","Timepoint 53",7.25111293792725,10,11
"2678","User #25344","Timepoint 54",5.13383161276579,10,11
"2679","User #25344","Timepoint 55",6.58872836828232,10,11
"2680","User #25344","Timepoint 56",7.17179805040359,10,11
"2681","User #25344","Timepoint 57",7.53065973520279,10,11
"2682","User #25344","Timepoint 58",4.86321158707142,10,11
"2683","User #25344","Timepoint 59",6.67323243618011,10,11
"2684","User #25344","Timepoint 60",7.15930271148682,10,11
"2685","User #25344","Timepoint 61",7.54344886541367,10,11
"2686","User #25344","Timepoint 62",5.29204796999693,10,11
"2687","User #25344","Timepoint 63",6.34401586651802,10,11
"2688","User #25344","Timepoint 64",6.71352243423462,10,11
"2689","User #25349","Timepoint 1",0,10,11
"2690","User #25349","Timepoint 2",0,10,11
"2691","User #25349","Timepoint 3",0,10,11
"2692","User #25349","Timepoint 4",0,10,11
"2693","User #25349","Timepoint 5",0,10,11
"2694","User #25349","Timepoint 6",0,10,11
"2695","User #25349","Timepoint 7",0,10,11
"2696","User #25349","Timepoint 8",0,10,11
"2697","User #25349","Timepoint 9",0,10,11
"2698","User #25349","Timepoint 10",0,10,11
"2699","User #25349","Timepoint 11",0,10,11
"2700","User #25349","Timepoint 12",0,10,11
"2701","User #25349","Timepoint 13",0,10,11
"2702","User #25349","Timepoint 14",0,10,11
"2703","User #25349","Timepoint 15",0,10,11
"2704","User #25349","Timepoint 16",0,10,11
"2705","User #25349","Timepoint 17",7.6992130279541,10,11
"2706","User #25349","Timepoint 18",11.8393912315369,10,11
"2707","User #25349","Timepoint 19",12.7096319198608,10,11
"2708","User #25349","Timepoint 20",9.1400408744812,10,11
"2709","User #25349","Timepoint 21",8.38256347179413,10,11
"2710","User #25349","Timepoint 22",10.2934210300446,10,11
"2711","User #25349","Timepoint 23",8.4918954372406,10,11
"2712","User #25349","Timepoint 24",9.97205281257629,10,11
"2713","User #25349","Timepoint 25",9.50243854522705,10,11
"2714","User #25349","Timepoint 26",7.46143293380737,10,11
"2715","User #25349","Timepoint 27",12.0606446266174,10,11
"2716","User #25349","Timepoint 28",11.8448910713196,10,11
"2717","User #25349","Timepoint 29",9.24285483360291,10,11
"2718","User #25349","Timepoint 30",12.9693598747253,10,11
"2719","User #25349","Timepoint 31",15.1409091949463,10,11
"2720","User #25349","Timepoint 32",12.7064733505249,10,11
"2721","User #25349","Timepoint 33",9.97950410842896,10,11
"2722","User #25349","Timepoint 34",9.91792964935303,10,11
"2723","User #25349","Timepoint 35",10.8369240760803,10,11
"2724","User #25349","Timepoint 36",9.11845302581787,10,11
"2725","User #25349","Timepoint 37",8.3388706445694,10,11
"2726","User #25349","Timepoint 38",8.16999471187592,10,11
"2727","User #25349","Timepoint 39",8.23286497592926,10,11
"2728","User #25349","Timepoint 40",8.54356527328491,10,11
"2729","User #25349","Timepoint 41",9.87674331665039,10,11
"2730","User #25349","Timepoint 42",8.25795984268188,10,11
"2731","User #25349","Timepoint 43",8.53091669082642,10,11
"2732","User #25349","Timepoint 44",10.3127498626709,10,11
"2733","User #25349","Timepoint 45",9.94279408454895,10,11
"2734","User #25349","Timepoint 46",8.69578385353088,10,11
"2735","User #25349","Timepoint 47",8.18937051296234,10,11
"2736","User #25349","Timepoint 48",7.77336579561234,10,11
"2737","User #25349","Timepoint 49",7.77331975102425,10,11
"2738","User #25349","Timepoint 50",7.92379510402679,10,11
"2739","User #25349","Timepoint 51",10.1902566552162,10,11
"2740","User #25349","Timepoint 52",9.73521542549133,10,11
"2741","User #25349","Timepoint 53",8.44181251525879,10,11
"2742","User #25349","Timepoint 54",8.27845421433449,10,11
"2743","User #25349","Timepoint 55",9.50404387712479,10,11
"2744","User #25349","Timepoint 56",9.36233532428741,10,11
"2745","User #25349","Timepoint 57",7.61884097754955,10,11
"2746","User #25349","Timepoint 58",7.86351647973061,10,11
"2747","User #25349","Timepoint 59",9.50412672758102,10,11
"2748","User #25349","Timepoint 60",7.84270894527435,10,11
"2749","User #25349","Timepoint 61",8.27272933721542,10,11
"2750","User #25349","Timepoint 62",6.88619066774845,10,11
"2751","User #25349","Timepoint 63",7.34307423979044,10,11
"2752","User #25349","Timepoint 64",8.13190859556198,10,11
"2753","User #25378","Timepoint 1",0,10,11
"2754","User #25378","Timepoint 2",0,10,11
"2755","User #25378","Timepoint 3",0,10,11
"2756","User #25378","Timepoint 4",0,10,11
"2757","User #25378","Timepoint 5",0,10,11
"2758","User #25378","Timepoint 6",0,10,11
"2759","User #25378","Timepoint 7",0,10,11
"2760","User #25378","Timepoint 8",0,10,11
"2761","User #25378","Timepoint 9",0,10,11
"2762","User #25378","Timepoint 10",0,10,11
"2763","User #25378","Timepoint 11",0,10,11
"2764","User #25378","Timepoint 12",0,10,11
"2765","User #25378","Timepoint 13",0,10,11
"2766","User #25378","Timepoint 14",0,10,11
"2767","User #25378","Timepoint 15",0,10,11
"2768","User #25378","Timepoint 16",0,10,11
"2769","User #25378","Timepoint 17",7.6880102455616,10,11
"2770","User #25378","Timepoint 18",7.43773883581161,10,11
"2771","User #25378","Timepoint 19",7.94123268127441,10,11
"2772","User #25378","Timepoint 20",8.3965322971344,10,11
"2773","User #25378","Timepoint 21",8.13021740317345,10,11
"2774","User #25378","Timepoint 22",7.97901889681816,10,11
"2775","User #25378","Timepoint 23",7.3447667658329,10,11
"2776","User #25378","Timepoint 24",6.9270541369915,10,11
"2777","User #25378","Timepoint 25",6.12752279639244,10,11
"2778","User #25378","Timepoint 26",6.38995441049337,10,11
"2779","User #25378","Timepoint 27",8.66499042510986,10,11
"2780","User #25378","Timepoint 28",9.61095905303955,10,11
"2781","User #25378","Timepoint 29",8.40339979529381,10,11
"2782","User #25378","Timepoint 30",9.10461163520813,10,11
"2783","User #25378","Timepoint 31",9.97907763719559,10,11
"2784","User #25378","Timepoint 32",9.95740330219269,10,11
"2785","User #25378","Timepoint 33",7.50191903114319,10,11
"2786","User #25378","Timepoint 34",9.2757094502449,10,11
"2787","User #25378","Timepoint 35",10.0027877688408,10,11
"2788","User #25378","Timepoint 36",8.64008074998856,10,11
"2789","User #25378","Timepoint 37",7.86026558279991,10,11
"2790","User #25378","Timepoint 38",8.98610150814056,10,11
"2791","User #25378","Timepoint 39",8.2850114107132,10,11
"2792","User #25378","Timepoint 40",8.89508134126663,10,11
"2793","User #25378","Timepoint 41",9.11548382043839,10,11
"2794","User #25378","Timepoint 42",7.94174200296402,10,11
"2795","User #25378","Timepoint 43",8.97530680894852,10,11
"2796","User #25378","Timepoint 44",9.3649143576622,10,11
"2797","User #25378","Timepoint 45",8.23136872053146,10,11
"2798","User #25378","Timepoint 46",7.75816178321838,10,11
"2799","User #25378","Timepoint 47",8.88116782903671,10,11
"2800","User #25378","Timepoint 48",9.35725128650665,10,11
"2801","User #25378","Timepoint 49",9.39724040031433,10,11
"2802","User #25378","Timepoint 50",9.06565082073212,10,11
"2803","User #25378","Timepoint 51",9.14378863573074,10,11
"2804","User #25378","Timepoint 52",9.20223918557167,10,11
"2805","User #25378","Timepoint 53",9.22750321030617,10,11
"2806","User #25378","Timepoint 54",8.23675853013992,10,11
"2807","User #25378","Timepoint 55",7.64953282475471,10,11
"2808","User #25378","Timepoint 56",7.8660364151001,10,11
"2809","User #25378","Timepoint 57",8.70043304562569,10,11
"2810","User #25378","Timepoint 58",9.02202677726746,10,11
"2811","User #25378","Timepoint 59",9.05887526273727,10,11
"2812","User #25378","Timepoint 60",9.36595511436462,10,11
"2813","User #25378","Timepoint 61",9.54611402750015,10,11
"2814","User #25378","Timepoint 62",9.90991693735123,10,11
"2815","User #25378","Timepoint 63",10.2482352852821,10,11
"2816","User #25378","Timepoint 64",10.6357870697975,10,11
"2817","User #25318","Timepoint 1",0,10,11
"2818","User #25318","Timepoint 2",0,10,11
"2819","User #25318","Timepoint 3",0,10,11
"2820","User #25318","Timepoint 4",0,10,11
"2821","User #25318","Timepoint 5",0,10,11
"2822","User #25318","Timepoint 6",0,10,11
"2823","User #25318","Timepoint 7",0,10,11
"2824","User #25318","Timepoint 8",0,10,11
"2825","User #25318","Timepoint 9",0,10,11
"2826","User #25318","Timepoint 10",0,10,11
"2827","User #25318","Timepoint 11",0,10,11
"2828","User #25318","Timepoint 12",0,10,11
"2829","User #25318","Timepoint 13",0,10,11
"2830","User #25318","Timepoint 14",0,10,11
"2831","User #25318","Timepoint 15",0,10,11
"2832","User #25318","Timepoint 16",0,10,11
"2833","User #25318","Timepoint 17",8.51270323991776,10,11
"2834","User #25318","Timepoint 18",9.20509783923626,10,11
"2835","User #25318","Timepoint 19",9.01615923643112,10,11
"2836","User #25318","Timepoint 20",8.097292765975,10,11
"2837","User #25318","Timepoint 21",6.83238210529089,10,11
"2838","User #25318","Timepoint 22",13.788168489933,10,11
"2839","User #25318","Timepoint 23",12.7964892089367,10,11
"2840","User #25318","Timepoint 24",8.07673162221909,10,11
"2841","User #25318","Timepoint 25",9.3869507163763,10,11
"2842","User #25318","Timepoint 26",4.98350358009338,10,11
"2843","User #25318","Timepoint 27",7.08012221753597,10,11
"2844","User #25318","Timepoint 28",19.9517158269882,10,11
"2845","User #25318","Timepoint 29",10.7906219959259,10,11
"2846","User #25318","Timepoint 30",8.26666912436485,10,11
"2847","User #25318","Timepoint 31",7.96633592247963,10,11
"2848","User #25318","Timepoint 32",4.4889816865325,10,11
"2849","User #25318","Timepoint 33",6.77746141701937,10,11
"2850","User #25318","Timepoint 34",8.17290289700031,10,11
"2851","User #25318","Timepoint 35",10.6830765902996,10,11
"2852","User #25318","Timepoint 36",8.09313154220581,10,11
"2853","User #25318","Timepoint 37",7.04327637702227,10,11
"2854","User #25318","Timepoint 38",8.92050115764141,10,11
"2855","User #25318","Timepoint 39",9.36950540542603,10,11
"2856","User #25318","Timepoint 40",7.74244768917561,10,11
"2857","User #25318","Timepoint 41",10.0066820383072,10,11
"2858","User #25318","Timepoint 42",11.0781100988388,10,11
"2859","User #25318","Timepoint 43",8.5055580586195,10,11
"2860","User #25318","Timepoint 44",7.64243906736374,10,11
"2861","User #25318","Timepoint 45",9.56729865074158,10,11
"2862","User #25318","Timepoint 46",11.8368024230003,10,11
"2863","User #25318","Timepoint 47",9.432806879282,10,11
"2864","User #25318","Timepoint 48",9.61639514565468,10,11
"2865","User #25318","Timepoint 49",7.01050841808319,10,11
"2866","User #25318","Timepoint 50",5.79845589399338,10,11
"2867","User #25318","Timepoint 51",8.69105684757233,10,11
"2868","User #25318","Timepoint 52",7.04623454809189,10,11
"2869","User #25318","Timepoint 53",4.82553397119045,10,11
"2870","User #25318","Timepoint 54",7.59166765213013,10,11
"2871","User #25318","Timepoint 55",9.12815749645233,10,11
"2872","User #25318","Timepoint 56",8.08084893226624,10,11
"2873","User #25318","Timepoint 57",6.38787463307381,10,11
"2874","User #25318","Timepoint 58",6.73968935012817,10,11
"2875","User #25318","Timepoint 59",7.77509319782257,10,11
"2876","User #25318","Timepoint 60",6.48386758565903,10,11
"2877","User #25318","Timepoint 61",6.50466561317444,10,11
"2878","User #25318","Timepoint 62",6.00010150671005,10,11
"2879","User #25318","Timepoint 63",6.97449994087219,10,11
"2880","User #25318","Timepoint 64",9.97832012176514,10,11
"2881","User #25384","Timepoint 1",0,10,11
"2882","User #25384","Timepoint 2",0,10,11
"2883","User #25384","Timepoint 3",0,10,11
"2884","User #25384","Timepoint 4",0,10,11
"2885","User #25384","Timepoint 5",0,10,11
"2886","User #25384","Timepoint 6",0,10,11
"2887","User #25384","Timepoint 7",0,10,11
"2888","User #25384","Timepoint 8",0,10,11
"2889","User #25384","Timepoint 9",0,10,11
"2890","User #25384","Timepoint 10",0,10,11
"2891","User #25384","Timepoint 11",0,10,11
"2892","User #25384","Timepoint 12",0,10,11
"2893","User #25384","Timepoint 13",0,10,11
"2894","User #25384","Timepoint 14",0,10,11
"2895","User #25384","Timepoint 15",0,10,11
"2896","User #25384","Timepoint 16",0,10,11
"2897","User #25384","Timepoint 17",7.53058230876923,10,11
"2898","User #25384","Timepoint 18",5.94799682497978,10,11
"2899","User #25384","Timepoint 19",5.68113151192665,10,11
"2900","User #25384","Timepoint 20",7.2107675075531,10,11
"2901","User #25384","Timepoint 21",7.76399600505829,10,11
"2902","User #25384","Timepoint 22",6.66085135936737,10,11
"2903","User #25384","Timepoint 23",5.38912174105644,10,11
"2904","User #25384","Timepoint 24",7.31308019161224,10,11
"2905","User #25384","Timepoint 25",7.42984640598297,10,11
"2906","User #25384","Timepoint 26",8.10722935199738,10,11
"2907","User #25384","Timepoint 27",9.42200672626495,10,11
"2908","User #25384","Timepoint 28",8.56678545475006,10,11
"2909","User #25384","Timepoint 29",7.60831415653229,10,11
"2910","User #25384","Timepoint 30",6.18934261798859,10,11
"2911","User #25384","Timepoint 31",7.92224651575089,10,11
"2912","User #25384","Timepoint 32",9.1934027671814,10,11
"2913","User #25384","Timepoint 33",7.99068343639374,10,11
"2914","User #25384","Timepoint 34",5.49259662628174,10,11
"2915","User #25384","Timepoint 35",6.68532258272171,10,11
"2916","User #25384","Timepoint 36",5.73129767179489,10,11
"2917","User #25384","Timepoint 37",10.1902697086334,10,11
"2918","User #25384","Timepoint 38",7.56260126829147,10,11
"2919","User #25384","Timepoint 39",5.87839207053185,10,11
"2920","User #25384","Timepoint 40",8.35407698154449,10,11
"2921","User #25384","Timepoint 41",8.63606905937195,10,11
"2922","User #25384","Timepoint 42",10.0472625494003,10,11
"2923","User #25384","Timepoint 43",5.69959771633148,10,11
"2924","User #25384","Timepoint 44",9.97126913070679,10,11
"2925","User #25384","Timepoint 45",9.91745829582214,10,11
"2926","User #25384","Timepoint 46",5.36110660433769,10,11
"2927","User #25384","Timepoint 47",5.34060174226761,10,11
"2928","User #25384","Timepoint 48",6.48548030853271,10,11
"2929","User #25384","Timepoint 49",7.50875532627106,10,11
"2930","User #25384","Timepoint 50",6.1355222016573,10,11
"2931","User #25384","Timepoint 51",9.19642388820648,10,11
"2932","User #25384","Timepoint 52",8.03104847669601,10,11
"2933","User #25384","Timepoint 53",6.19425863027573,10,11
"2934","User #25384","Timepoint 54",5.43713424354792,10,11
"2935","User #25384","Timepoint 55",6.91639184951782,10,11
"2936","User #25384","Timepoint 56",7.05296099185944,10,11
"2937","User #25384","Timepoint 57",6.13807789981365,10,11
"2938","User #25384","Timepoint 58",5.90339496731758,10,11
"2939","User #25384","Timepoint 59",6.5219284594059,10,11
"2940","User #25384","Timepoint 60",6.51332974433899,10,11
"2941","User #25384","Timepoint 61",6.29789054393768,10,11
"2942","User #25384","Timepoint 62",6.22340604662895,10,11
"2943","User #25384","Timepoint 63",6.64678856730461,10,11
"2944","User #25384","Timepoint 64",6.86720848083496,10,11
"2945","User #25297","Timepoint 1",0,10,11
"2946","User #25297","Timepoint 2",0,10,11
"2947","User #25297","Timepoint 3",0,10,11
"2948","User #25297","Timepoint 4",0,10,11
"2949","User #25297","Timepoint 5",0,10,11
"2950","User #25297","Timepoint 6",0,10,11
"2951","User #25297","Timepoint 7",0,10,11
"2952","User #25297","Timepoint 8",0,10,11
"2953","User #25297","Timepoint 9",0,10,11
"2954","User #25297","Timepoint 10",0,10,11
"2955","User #25297","Timepoint 11",0,10,11
"2956","User #25297","Timepoint 12",0,10,11
"2957","User #25297","Timepoint 13",0,10,11
"2958","User #25297","Timepoint 14",0,10,11
"2959","User #25297","Timepoint 15",0,10,11
"2960","User #25297","Timepoint 16",0,10,11
"2961","User #25297","Timepoint 17",9.95151275396347,10,11
"2962","User #25297","Timepoint 18",8.80163645744324,10,11
"2963","User #25297","Timepoint 19",8.98922315239906,10,11
"2964","User #25297","Timepoint 20",13.589632153511,10,11
"2965","User #25297","Timepoint 21",14.5992954969406,10,11
"2966","User #25297","Timepoint 22",8.25452840328217,10,11
"2967","User #25297","Timepoint 23",7.6714893579483,10,11
"2968","User #25297","Timepoint 24",9.6227850317955,10,11
"2969","User #25297","Timepoint 25",8.87616956233978,10,11
"2970","User #25297","Timepoint 26",10.9881895780563,10,11
"2971","User #25297","Timepoint 27",7.9747084826231,10,11
"2972","User #25297","Timepoint 28",17.2603223323822,10,11
"2973","User #25297","Timepoint 29",13.5952274799347,10,11
"2974","User #25297","Timepoint 30",13.107218503952,10,11
"2975","User #25297","Timepoint 31",7.31454118341208,10,11
"2976","User #25297","Timepoint 32",13.8605720996857,10,11
"2977","User #25297","Timepoint 33",10.2273523807526,10,11
"2978","User #25297","Timepoint 34",12.8115939497948,10,11
"2979","User #25297","Timepoint 35",10.1634388566017,10,11
"2980","User #25297","Timepoint 36",10.9441845715046,10,11
"2981","User #25297","Timepoint 37",14.3827804923058,10,11
"2982","User #25297","Timepoint 38",17.1560056209564,10,11
"2983","User #25297","Timepoint 39",9.7663916349411,10,11
"2984","User #25297","Timepoint 40",11.8011811971664,10,11
"2985","User #25297","Timepoint 41",5.6831512004137,10,11
"2986","User #25297","Timepoint 42",6.00086939334869,10,11
"2987","User #25297","Timepoint 43",7.96901366114616,10,11
"2988","User #25297","Timepoint 44",9.62797483801842,10,11
"2989","User #25297","Timepoint 45",9.92090499401093,10,11
"2990","User #25297","Timepoint 46",11.0643185377121,10,11
"2991","User #25297","Timepoint 47",9.81991538405418,10,11
"2992","User #25297","Timepoint 48",8.80528515577316,10,11
"2993","User #25297","Timepoint 49",7.14801039546728,10,11
"2994","User #25297","Timepoint 50",9.15752452611923,10,11
"2995","User #25297","Timepoint 51",11.1973780095577,10,11
"2996","User #25297","Timepoint 52",8.83845749497414,10,11
"2997","User #25297","Timepoint 53",10.7927760481834,10,11
"2998","User #25297","Timepoint 54",12.4964972138405,10,11
"2999","User #25297","Timepoint 55",10.4223144948483,10,11
"3000","User #25297","Timepoint 56",8.66160446405411,10,11
"3001","User #25297","Timepoint 57",6.03838230669498,10,11
"3002","User #25297","Timepoint 58",6.59647677838802,10,11
"3003","User #25297","Timepoint 59",10.1356599032879,10,11
"3004","User #25297","Timepoint 60",12.0145313739777,10,11
"3005","User #25297","Timepoint 61",9.27237623929977,10,11
"3006","User #25297","Timepoint 62",10.7102518677711,10,11
"3007","User #25297","Timepoint 63",10.1672154068947,10,11
"3008","User #25297","Timepoint 64",11.2595429122448,10,11
"3009","User #25343","Timepoint 1",0,10,11
"3010","User #25343","Timepoint 2",0,10,11
"3011","User #25343","Timepoint 3",0,10,11
"3012","User #25343","Timepoint 4",0,10,11
"3013","User #25343","Timepoint 5",0,10,11
"3014","User #25343","Timepoint 6",0,10,11
"3015","User #25343","Timepoint 7",0,10,11
"3016","User #25343","Timepoint 8",0,10,11
"3017","User #25343","Timepoint 9",0,10,11
"3018","User #25343","Timepoint 10",0,10,11
"3019","User #25343","Timepoint 11",0,10,11
"3020","User #25343","Timepoint 12",0,10,11
"3021","User #25343","Timepoint 13",0,10,11
"3022","User #25343","Timepoint 14",0,10,11
"3023","User #25343","Timepoint 15",0,10,11
"3024","User #25343","Timepoint 16",0,10,11
"3025","User #25343","Timepoint 17",5.47515863180161,10,11
"3026","User #25343","Timepoint 18",7.41855946183205,10,11
"3027","User #25343","Timepoint 19",10.4206018447876,10,11
"3028","User #25343","Timepoint 20",9.59973442554474,10,11
"3029","User #25343","Timepoint 21",5.78038559854031,10,11
"3030","User #25343","Timepoint 22",6.0867257937789,10,11
"3031","User #25343","Timepoint 23",9.12768590450287,10,11
"3032","User #25343","Timepoint 24",9.21101182699203,10,11
"3033","User #25343","Timepoint 25",9.1545644402504,10,11
"3034","User #25343","Timepoint 26",10.5176588892937,10,11
"3035","User #25343","Timepoint 27",11.3733547925949,10,11
"3036","User #25343","Timepoint 28",12.0273108482361,10,11
"3037","User #25343","Timepoint 29",7.40383553504944,10,11
"3038","User #25343","Timepoint 30",7.26145994663239,10,11
"3039","User #25343","Timepoint 31",9.04737302660942,10,11
"3040","User #25343","Timepoint 32",9.69315695762634,10,11
"3041","User #25343","Timepoint 33",6.61792396008968,10,11
"3042","User #25343","Timepoint 34",5.82272332906723,10,11
"3043","User #25343","Timepoint 35",6.5313313677907,10,11
"3044","User #25343","Timepoint 36",7.81670296192169,10,11
"3045","User #25343","Timepoint 37",8.47795391082764,10,11
"3046","User #25343","Timepoint 38",7.55016669631004,10,11
"3047","User #25343","Timepoint 39",7.27114860713482,10,11
"3048","User #25343","Timepoint 40",8.4563339650631,10,11
"3049","User #25343","Timepoint 41",9.69243431091309,10,11
"3050","User #25343","Timepoint 42",9.344746530056,10,11
"3051","User #25343","Timepoint 43",11.60375893116,10,11
"3052","User #25343","Timepoint 44",12.939066529274,10,11
"3053","User #25343","Timepoint 45",7.99593645334244,10,11
"3054","User #25343","Timepoint 46",6.02306821197271,10,11
"3055","User #25343","Timepoint 47",6.35518508404493,10,11
"3056","User #25343","Timepoint 48",6.90377506613731,10,11
"3057","User #25343","Timepoint 49",9.79225593805313,10,11
"3058","User #25343","Timepoint 50",7.18989956378937,10,11
"3059","User #25343","Timepoint 51",6.56380478292704,10,11
"3060","User #25343","Timepoint 52",7.32063895463943,10,11
"3061","User #25343","Timepoint 53",8.36576300859451,10,11
"3062","User #25343","Timepoint 54",7.76859876513481,10,11
"3063","User #25343","Timepoint 55",7.93526688218117,10,11
"3064","User #25343","Timepoint 56",9.93455600738525,10,11
"3065","User #25343","Timepoint 57",10.7421316504478,10,11
"3066","User #25343","Timepoint 58",7.60517880320549,10,11
"3067","User #25343","Timepoint 59",8.31218492984772,10,11
"3068","User #25343","Timepoint 60",9.97417014837265,10,11
"3069","User #25343","Timepoint 61",9.95979189872742,10,11
"3070","User #25343","Timepoint 62",8.68709442019463,10,11
"3071","User #25343","Timepoint 63",10.5662756562233,10,11
"3072","User #25343","Timepoint 64",10.5980433225632,10,11
"3073","User #25299","Timepoint 1",0,10,11
"3074","User #25299","Timepoint 2",0,10,11
"3075","User #25299","Timepoint 3",0,10,11
"3076","User #25299","Timepoint 4",0,10,11
"3077","User #25299","Timepoint 5",0,10,11
"3078","User #25299","Timepoint 6",0,10,11
"3079","User #25299","Timepoint 7",0,10,11
"3080","User #25299","Timepoint 8",0,10,11
"3081","User #25299","Timepoint 9",0,10,11
"3082","User #25299","Timepoint 10",0,10,11
"3083","User #25299","Timepoint 11",0,10,11
"3084","User #25299","Timepoint 12",0,10,11
"3085","User #25299","Timepoint 13",0,10,11
"3086","User #25299","Timepoint 14",0,10,11
"3087","User #25299","Timepoint 15",0,10,11
"3088","User #25299","Timepoint 16",0,10,11
"3089","User #25299","Timepoint 17",11.2308155298233,10,11
"3090","User #25299","Timepoint 18",6.91319032013416,10,11
"3091","User #25299","Timepoint 19",11.5512526035309,10,11
"3092","User #25299","Timepoint 20",7.02527379989624,10,11
"3093","User #25299","Timepoint 21",11.2351644635201,10,11
"3094","User #25299","Timepoint 22",0.619737833738327,10,11
"3095","User #25299","Timepoint 23",0.529705196619034,10,11
"3096","User #25299","Timepoint 24",18.6333712339401,10,11
"3097","User #25299","Timepoint 25",4.71898375451565,10,11
"3098","User #25299","Timepoint 26",7.84347468614578,10,11
"3099","User #25299","Timepoint 27",4.79748309403658,10,11
"3100","User #25299","Timepoint 28",7.28053238987923,10,11
"3101","User #25299","Timepoint 29",5.83326772600412,10,11
"3102","User #25299","Timepoint 30",7.67121008038521,10,11
"3103","User #25299","Timepoint 31",6.93237790465355,10,11
"3104","User #25299","Timepoint 32",9.95126986503601,10,11
"3105","User #25299","Timepoint 33",7.84107571840286,10,11
"3106","User #25299","Timepoint 34",9.34262728691101,10,11
"3107","User #25299","Timepoint 35",11.441620528698,10,11
"3108","User #25299","Timepoint 36",10.7663406133652,10,11
"3109","User #25299","Timepoint 37",7.96045842766762,10,11
"3110","User #25299","Timepoint 38",6.85811786353588,10,11
"3111","User #25299","Timepoint 39",7.16190391778946,10,11
"3112","User #25299","Timepoint 40",5.0579526796937,10,11
"3113","User #25299","Timepoint 41",9.08135545253754,10,11
"3114","User #25299","Timepoint 42",7.01772955060005,10,11
"3115","User #25299","Timepoint 43",5.31343087553978,10,11
"3116","User #25299","Timepoint 44",7.25535771250725,10,11
"3117","User #25299","Timepoint 45",11.1818485856056,10,11
"3118","User #25299","Timepoint 46",5.62102217972279,10,11
"3119","User #25299","Timepoint 47",6.43055349588394,10,11
"3120","User #25299","Timepoint 48",8.58527901768684,10,11
"3121","User #25299","Timepoint 49",6.2074960321188,10,11
"3122","User #25299","Timepoint 50",6.40096685290337,10,11
"3123","User #25299","Timepoint 51",6.63107360899448,10,11
"3124","User #25299","Timepoint 52",6.93911981582642,10,11
"3125","User #25299","Timepoint 53",6.915981143713,10,11
"3126","User #25299","Timepoint 54",7.15922123193741,10,11
"3127","User #25299","Timepoint 55",6.43201208114624,10,11
"3128","User #25299","Timepoint 56",6.74392801523209,10,11
"3129","User #25299","Timepoint 57",8.05806690454483,10,11
"3130","User #25299","Timepoint 58",9.26265305280685,10,11
"3131","User #25299","Timepoint 59",6.8849148452282,10,11
"3132","User #25299","Timepoint 60",6.5405298769474,10,11
"3133","User #25299","Timepoint 61",6.20969370007515,10,11
"3134","User #25299","Timepoint 62",6.04891607165337,10,11
"3135","User #25299","Timepoint 63",6.78487709164619,10,11
"3136","User #25299","Timepoint 64",8.3140267431736,10,11
"3137","User #25317","Timepoint 1",0,10,11
"3138","User #25317","Timepoint 2",0,10,11
"3139","User #25317","Timepoint 3",0,10,11
"3140","User #25317","Timepoint 4",0,10,11
"3141","User #25317","Timepoint 5",0,10,11
"3142","User #25317","Timepoint 6",0,10,11
"3143","User #25317","Timepoint 7",0,10,11
"3144","User #25317","Timepoint 8",0,10,11
"3145","User #25317","Timepoint 9",0,10,11
"3146","User #25317","Timepoint 10",0,10,11
"3147","User #25317","Timepoint 11",0,10,11
"3148","User #25317","Timepoint 12",0,10,11
"3149","User #25317","Timepoint 13",0,10,11
"3150","User #25317","Timepoint 14",0,10,11
"3151","User #25317","Timepoint 15",0,10,11
"3152","User #25317","Timepoint 16",0,10,11
"3153","User #25317","Timepoint 17",6.9905571937561,10,11
"3154","User #25317","Timepoint 18",6.09511053562164,10,11
"3155","User #25317","Timepoint 19",6.71516597270966,10,11
"3156","User #25317","Timepoint 20",5.74010068178177,10,11
"3157","User #25317","Timepoint 21",5.83700674772263,10,11
"3158","User #25317","Timepoint 22",5.4872907102108,10,11
"3159","User #25317","Timepoint 23",6.09126341342926,10,11
"3160","User #25317","Timepoint 24",6.67923438549042,10,11
"3161","User #25317","Timepoint 25",5.84622871875763,10,11
"3162","User #25317","Timepoint 26",5.65259265899658,10,11
"3163","User #25317","Timepoint 27",5.93619060516357,10,11
"3164","User #25317","Timepoint 28",7.22930192947388,10,11
"3165","User #25317","Timepoint 29",6.05097484588623,10,11
"3166","User #25317","Timepoint 30",5.99289393424988,10,11
"3167","User #25317","Timepoint 31",6.99399590492249,10,11
"3168","User #25317","Timepoint 32",7.73384666442871,10,11
"3169","User #25317","Timepoint 33",6.02639603614807,10,11
"3170","User #25317","Timepoint 34",6.07377219200134,10,11
"3171","User #25317","Timepoint 35",6.587850689888,10,11
"3172","User #25317","Timepoint 36",6.18200206756592,10,11
"3173","User #25317","Timepoint 37",6.41437244415283,10,11
"3174","User #25317","Timepoint 38",6.14133358001709,10,11
"3175","User #25317","Timepoint 39",7.16392064094543,10,11
"3176","User #25317","Timepoint 40",7.29360222816467,10,11
"3177","User #25317","Timepoint 41",6.59451413154602,10,11
"3178","User #25317","Timepoint 42",6.13661646842957,10,11
"3179","User #25317","Timepoint 43",6.31937980651855,10,11
"3180","User #25317","Timepoint 44",6.57791924476624,10,11
"3181","User #25317","Timepoint 45",6.54774034023285,10,11
"3182","User #25317","Timepoint 46",6.33028137683868,10,11
"3183","User #25317","Timepoint 47",6.42312920093536,10,11
"3184","User #25317","Timepoint 48",6.85030710697174,10,11
"3185","User #25317","Timepoint 49",6.08910936117172,10,11
"3186","User #25317","Timepoint 50",6.14216363430023,10,11
"3187","User #25317","Timepoint 51",6.58156830072403,10,11
"3188","User #25317","Timepoint 52",6.60157471895218,10,11
"3189","User #25317","Timepoint 53",6.4979353249073,10,11
"3190","User #25317","Timepoint 54",6.65786820650101,10,11
"3191","User #25317","Timepoint 55",6.62546122074127,10,11
"3192","User #25317","Timepoint 56",7.1338564157486,10,11
"3193","User #25317","Timepoint 57",6.25883024930954,10,11
"3194","User #25317","Timepoint 58",6.03471130132675,10,11
"3195","User #25317","Timepoint 59",6.6347827911377,10,11
"3196","User #25317","Timepoint 60",6.48320490121841,10,11
"3197","User #25317","Timepoint 61",6.75176519155502,10,11
"3198","User #25317","Timepoint 62",6.52395677566528,10,11
"3199","User #25317","Timepoint 63",6.82350981235504,10,11
"3200","User #25317","Timepoint 64",6.85846614837646,10,11
"3201","User #25344","Timepoint 1",0,10,11
"3202","User #25344","Timepoint 2",0,10,11
"3203","User #25344","Timepoint 3",0,10,11
"3204","User #25344","Timepoint 4",0,10,11
"3205","User #25344","Timepoint 5",0,10,11
"3206","User #25344","Timepoint 6",0,10,11
"3207","User #25344","Timepoint 7",0,10,11
"3208","User #25344","Timepoint 8",0,10,11
"3209","User #25344","Timepoint 9",0,10,11
"3210","User #25344","Timepoint 10",0,10,11
"3211","User #25344","Timepoint 11",0,10,11
"3212","User #25344","Timepoint 12",0,10,11
"3213","User #25344","Timepoint 13",0,10,11
"3214","User #25344","Timepoint 14",0,10,11
"3215","User #25344","Timepoint 15",0,10,11
"3216","User #25344","Timepoint 16",0,10,11
"3217","User #25344","Timepoint 17",8.81534969806671,10,11
"3218","User #25344","Timepoint 18",8.33671844005585,10,11
"3219","User #25344","Timepoint 19",8.91438460350037,10,11
"3220","User #25344","Timepoint 20",9.69789361953735,10,11
"3221","User #25344","Timepoint 21",7.46560400724411,10,11
"3222","User #25344","Timepoint 22",7.35781034827232,10,11
"3223","User #25344","Timepoint 23",8.25438669323921,10,11
"3224","User #25344","Timepoint 24",9.06060612201691,10,11
"3225","User #25344","Timepoint 25",7.58607423305511,10,11
"3226","User #25344","Timepoint 26",8.58959352970123,10,11
"3227","User #25344","Timepoint 27",8.91593372821808,10,11
"3228","User #25344","Timepoint 28",9.11691343784332,10,11
"3229","User #25344","Timepoint 29",6.84088191390038,10,11
"3230","User #25344","Timepoint 30",9.267442882061,10,11
"3231","User #25344","Timepoint 31",11.0443857908249,10,11
"3232","User #25344","Timepoint 32",8.31185436248779,10,11
"3233","User #25344","Timepoint 33",7.43416240811348,10,11
"3234","User #25344","Timepoint 34",6.29247296974063,10,11
"3235","User #25344","Timepoint 35",6.54048910737038,10,11
"3236","User #25344","Timepoint 36",9.3329302072525,10,11
"3237","User #25344","Timepoint 37",7.9348905980587,10,11
"3238","User #25344","Timepoint 38",7.58656910061836,10,11
"3239","User #25344","Timepoint 39",11.433993935585,10,11
"3240","User #25344","Timepoint 40",9.43883216381073,10,11
"3241","User #25344","Timepoint 41",5.11914028227329,10,11
"3242","User #25344","Timepoint 42",6.87393395602703,10,11
"3243","User #25344","Timepoint 43",7.53374597430229,10,11
"3244","User #25344","Timepoint 44",9.37942242622375,10,11
"3245","User #25344","Timepoint 45",8.71941095590591,10,11
"3246","User #25344","Timepoint 46",10.2506557703018,10,11
"3247","User #25344","Timepoint 47",10.8576065897942,10,11
"3248","User #25344","Timepoint 48",8.5915390253067,10,11
"3249","User #25344","Timepoint 49",7.60171687602997,10,11
"3250","User #25344","Timepoint 50",7.70340210199356,10,11
"3251","User #25344","Timepoint 51",9.24548721313477,10,11
"3252","User #25344","Timepoint 52",9.39293748140335,10,11
"3253","User #25344","Timepoint 53",7.47937104105949,10,11
"3254","User #25344","Timepoint 54",7.3434711098671,10,11
"3255","User #25344","Timepoint 55",7.24230548739433,10,11
"3256","User #25344","Timepoint 56",7.73389256000519,10,11
"3257","User #25344","Timepoint 57",7.64445698261261,10,11
"3258","User #25344","Timepoint 58",9.52348685264587,10,11
"3259","User #25344","Timepoint 59",9.14949095249176,10,11
"3260","User #25344","Timepoint 60",7.85225874185562,10,11
"3261","User #25344","Timepoint 61",7.08546927571297,10,11
"3262","User #25344","Timepoint 62",7.50999516248703,10,11
"3263","User #25344","Timepoint 63",7.73736110329628,10,11
"3264","User #25344","Timepoint 64",9.05689245462418,10,11
"3265","User #25396","Timepoint 1",0,10,11
"3266","User #25396","Timepoint 2",0,10,11
"3267","User #25396","Timepoint 3",0,10,11
"3268","User #25396","Timepoint 4",0,10,11
"3269","User #25396","Timepoint 5",0,10,11
"3270","User #25396","Timepoint 6",0,10,11
"3271","User #25396","Timepoint 7",0,10,11
"3272","User #25396","Timepoint 8",0,10,11
"3273","User #25396","Timepoint 9",0,10,11
"3274","User #25396","Timepoint 10",0,10,11
"3275","User #25396","Timepoint 11",0,10,11
"3276","User #25396","Timepoint 12",0,10,11
"3277","User #25396","Timepoint 13",0,10,11
"3278","User #25396","Timepoint 14",0,10,11
"3279","User #25396","Timepoint 15",0,10,11
"3280","User #25396","Timepoint 16",0,10,11
"3281","User #25396","Timepoint 17",9.1343035697937,10,11
"3282","User #25396","Timepoint 18",9.67570698261261,10,11
"3283","User #25396","Timepoint 19",9.45187342166901,10,11
"3284","User #25396","Timepoint 20",7.80826896429062,10,11
"3285","User #25396","Timepoint 21",9.24998795986176,10,11
"3286","User #25396","Timepoint 22",11.5292407274246,10,11
"3287","User #25396","Timepoint 23",11.402896463871,10,11
"3288","User #25396","Timepoint 24",8.84318709373474,10,11
"3289","User #25396","Timepoint 25",8.88110643625259,10,11
"3290","User #25396","Timepoint 26",8.34348022937775,10,11
"3291","User #25396","Timepoint 27",9.25016903877258,10,11
"3292","User #25396","Timepoint 28",12.1118133068085,10,11
"3293","User #25396","Timepoint 29",9.0930113196373,10,11
"3294","User #25396","Timepoint 30",9.05702126026154,10,11
"3295","User #25396","Timepoint 31",8.84644401073456,10,11
"3296","User #25396","Timepoint 32",11.0267667770386,10,11
"3297","User #25396","Timepoint 33",9.72522246837616,10,11
"3298","User #25396","Timepoint 34",8.85293990373611,10,11
"3299","User #25396","Timepoint 35",10.498206615448,10,11
"3300","User #25396","Timepoint 36",10.4621911048889,10,11
"3301","User #25396","Timepoint 37",7.44355142116547,10,11
"3302","User #25396","Timepoint 38",5.92806425690651,10,11
"3303","User #25396","Timepoint 39",7.43017140030861,10,11
"3304","User #25396","Timepoint 40",8.11955800652504,10,11
"3305","User #25396","Timepoint 41",7.96457469463348,10,11
"3306","User #25396","Timepoint 42",5.79763382673264,10,11
"3307","User #25396","Timepoint 43",7.11525765061378,10,11
"3308","User #25396","Timepoint 44",4.52570775896311,10,11
"3309","User #25396","Timepoint 45",11.2557619214058,10,11
"3310","User #25396","Timepoint 46",6.44876855611801,10,11
"3311","User #25396","Timepoint 47",7.09759786725044,10,11
"3312","User #25396","Timepoint 48",6.18413278460503,10,11
"3313","User #25396","Timepoint 49",9.45822077989578,10,11
"3314","User #25396","Timepoint 50",8.83193641901016,10,11
"3315","User #25396","Timepoint 51",8.73379123210907,10,11
"3316","User #25396","Timepoint 52",10.04041492939,10,11
"3317","User #25396","Timepoint 53",9.3394655585289,10,11
"3318","User #25396","Timepoint 54",7.08003029227257,10,11
"3319","User #25396","Timepoint 55",7.00004452466965,10,11
"3320","User #25396","Timepoint 56",7.62474966049194,10,11
"3321","User #25396","Timepoint 57",8.67983388900757,10,11
"3322","User #25396","Timepoint 58",7.77639698982239,10,11
"3323","User #25396","Timepoint 59",9.38279056549072,10,11
"3324","User #25396","Timepoint 60",9.94756776094437,10,11
"3325","User #25396","Timepoint 61",8.31000879406929,10,11
"3326","User #25396","Timepoint 62",8.70658600330353,10,11
"3327","User #25396","Timepoint 63",9.42219191789627,10,11
"3328","User #25396","Timepoint 64",8.89054131507874,10,11
"3329","User #25306","Timepoint 1",0,10,11
"3330","User #25306","Timepoint 2",0,10,11
"3331","User #25306","Timepoint 3",0,10,11
"3332","User #25306","Timepoint 4",0,10,11
"3333","User #25306","Timepoint 5",0,10,11
"3334","User #25306","Timepoint 6",0,10,11
"3335","User #25306","Timepoint 7",0,10,11
"3336","User #25306","Timepoint 8",0,10,11
"3337","User #25306","Timepoint 9",0,10,11
"3338","User #25306","Timepoint 10",0,10,11
"3339","User #25306","Timepoint 11",0,10,11
"3340","User #25306","Timepoint 12",0,10,11
"3341","User #25306","Timepoint 13",0,10,11
"3342","User #25306","Timepoint 14",0,10,11
"3343","User #25306","Timepoint 15",0,10,11
"3344","User #25306","Timepoint 16",0,10,11
"3345","User #25306","Timepoint 17",6.00716328620911,10,11
"3346","User #25306","Timepoint 18",7.6575973033905,10,11
"3347","User #25306","Timepoint 19",5.90684694051743,10,11
"3348","User #25306","Timepoint 20",7.3523211479187,10,11
"3349","User #25306","Timepoint 21",6.44864118099213,10,11
"3350","User #25306","Timepoint 22",8.19501972198486,10,11
"3351","User #25306","Timepoint 23",5.39060416817665,10,11
"3352","User #25306","Timepoint 24",7.99052047729492,10,11
"3353","User #25306","Timepoint 25",6.31149816513062,10,11
"3354","User #25306","Timepoint 26",8.81467390060425,10,11
"3355","User #25306","Timepoint 27",6.05432307720184,10,11
"3356","User #25306","Timepoint 28",7.57614493370056,10,11
"3357","User #25306","Timepoint 29",7.01439452171326,10,11
"3358","User #25306","Timepoint 30",7.25170111656189,10,11
"3359","User #25306","Timepoint 31",5.24618944525719,10,11
"3360","User #25306","Timepoint 32",7.95540356636047,10,11
"3361","User #25306","Timepoint 33",6.07795333862305,10,11
"3362","User #25306","Timepoint 34",6.6574399471283,10,11
"3363","User #25306","Timepoint 35",5.85421079397202,10,11
"3364","User #25306","Timepoint 36",6.94284343719482,10,11
"3365","User #25306","Timepoint 37",6.37420880794525,10,11
"3366","User #25306","Timepoint 38",7.44667458534241,10,11
"3367","User #25306","Timepoint 39",6.34441256523132,10,11
"3368","User #25306","Timepoint 40",7.80040335655212,10,11
"3369","User #25306","Timepoint 41",6.11265015602112,10,11
"3370","User #25306","Timepoint 42",7.56389021873474,10,11
"3371","User #25306","Timepoint 43",5.49737519025803,10,11
"3372","User #25306","Timepoint 44",6.29454874992371,10,11
"3373","User #25306","Timepoint 45",6.59781956672668,10,11
"3374","User #25306","Timepoint 46",7.66664576530457,10,11
"3375","User #25306","Timepoint 47",6.47127544879913,10,11
"3376","User #25306","Timepoint 48",7.21562647819519,10,11
"3377","User #25306","Timepoint 49",6.11754179000854,10,11
"3378","User #25306","Timepoint 50",6.38904774188995,10,11
"3379","User #25306","Timepoint 51",6.8416473865509,10,11
"3380","User #25306","Timepoint 52",7.42663216590881,10,11
"3381","User #25306","Timepoint 53",7.17748618125916,10,11
"3382","User #25306","Timepoint 54",7.05994844436646,10,11
"3383","User #25306","Timepoint 55",6.71631157398224,10,11
"3384","User #25306","Timepoint 56",6.66400945186615,10,11
"3385","User #25306","Timepoint 57",6.21845901012421,10,11
"3386","User #25306","Timepoint 58",7.34619736671448,10,11
"3387","User #25306","Timepoint 59",6.4757080078125,10,11
"3388","User #25306","Timepoint 60",6.88853847980499,10,11
"3389","User #25306","Timepoint 61",7.20562529563904,10,11
"3390","User #25306","Timepoint 62",7.78426885604858,10,11
"3391","User #25306","Timepoint 63",6.91920125484467,10,11
"3392","User #25306","Timepoint 64",6.90387213230133,10,11
"3393","User #25312","Timepoint 1",0,10,11
"3394","User #25312","Timepoint 2",0,10,11
"3395","User #25312","Timepoint 3",0,10,11
"3396","User #25312","Timepoint 4",0,10,11
"3397","User #25312","Timepoint 5",0,10,11
"3398","User #25312","Timepoint 6",0,10,11
"3399","User #25312","Timepoint 7",0,10,11
"3400","User #25312","Timepoint 8",0,10,11
"3401","User #25312","Timepoint 9",0,10,11
"3402","User #25312","Timepoint 10",0,10,11
"3403","User #25312","Timepoint 11",0,10,11
"3404","User #25312","Timepoint 12",0,10,11
"3405","User #25312","Timepoint 13",0,10,11
"3406","User #25312","Timepoint 14",0,10,11
"3407","User #25312","Timepoint 15",0,10,11
"3408","User #25312","Timepoint 16",0,10,11
"3409","User #25312","Timepoint 17",12.0595405101776,10,11
"3410","User #25312","Timepoint 18",11.8545637130737,10,11
"3411","User #25312","Timepoint 19",14.2023906707764,10,11
"3412","User #25312","Timepoint 20",13.2642397880554,10,11
"3413","User #25312","Timepoint 21",8.78035372495651,10,11
"3414","User #25312","Timepoint 22",8.37995684146881,10,11
"3415","User #25312","Timepoint 23",10.0427997708321,10,11
"3416","User #25312","Timepoint 24",10.2611840367317,10,11
"3417","User #25312","Timepoint 25",10.0611207485199,10,11
"3418","User #25312","Timepoint 26",7.79628431797028,10,11
"3419","User #25312","Timepoint 27",6.71096256375313,10,11
"3420","User #25312","Timepoint 28",9.35565239191055,10,11
"3421","User #25312","Timepoint 29",11.0904512405396,10,11
"3422","User #25312","Timepoint 30",8.98686504364014,10,11
"3423","User #25312","Timepoint 31",8.66287416219711,10,11
"3424","User #25312","Timepoint 32",11.7488799095154,10,11
"3425","User #25312","Timepoint 33",14.8259094953537,10,11
"3426","User #25312","Timepoint 34",7.40498742461205,10,11
"3427","User #25312","Timepoint 35",6.21508734673262,10,11
"3428","User #25312","Timepoint 36",9.81591379642487,10,11
"3429","User #25312","Timepoint 37",9.53315830230713,10,11
"3430","User #25312","Timepoint 38",7.41715675592422,10,11
"3431","User #25312","Timepoint 39",5.49402436614037,10,11
"3432","User #25312","Timepoint 40",8.10572719573975,10,11
"3433","User #25312","Timepoint 41",8.04017952084541,10,11
"3434","User #25312","Timepoint 42",7.04951567947865,10,11
"3435","User #25312","Timepoint 43",7.25789314508438,10,11
"3436","User #25312","Timepoint 44",12.435694694519,10,11
"3437","User #25312","Timepoint 45",11.6641161441803,10,11
"3438","User #25312","Timepoint 46",7.87343239784241,10,11
"3439","User #25312","Timepoint 47",8.61224865913391,10,11
"3440","User #25312","Timepoint 48",9.76504391431808,10,11
"3441","User #25312","Timepoint 49",9.33030545711517,10,11
"3442","User #25312","Timepoint 50",6.27025157213211,10,11
"3443","User #25312","Timepoint 51",7.65650868415833,10,11
"3444","User #25312","Timepoint 52",8.42498481273651,10,11
"3445","User #25312","Timepoint 53",11.1504375934601,10,11
"3446","User #25312","Timepoint 54",9.73426878452301,10,11
"3447","User #25312","Timepoint 55",11.493176817894,10,11
"3448","User #25312","Timepoint 56",11.3884496688843,10,11
"3449","User #25312","Timepoint 57",7.08836227655411,10,11
"3450","User #25312","Timepoint 58",6.50204807519913,10,11
"3451","User #25312","Timepoint 59",7.57800698280334,10,11
"3452","User #25312","Timepoint 60",9.08057689666748,10,11
"3453","User #25312","Timepoint 61",8.51599633693695,10,11
"3454","User #25312","Timepoint 62",8.18646103143692,10,11
"3455","User #25312","Timepoint 63",9.98341709375381,10,11
"3456","User #25312","Timepoint 64",10.0592774152756,10,11
"3457","User #25389","Timepoint 1",0,10,11
"3458","User #25389","Timepoint 2",0,10,11
"3459","User #25389","Timepoint 3",0,10,11
"3460","User #25389","Timepoint 4",0,10,11
"3461","User #25389","Timepoint 5",0,10,11
"3462","User #25389","Timepoint 6",0,10,11
"3463","User #25389","Timepoint 7",0,10,11
"3464","User #25389","Timepoint 8",0,10,11
"3465","User #25389","Timepoint 9",0,10,11
"3466","User #25389","Timepoint 10",0,10,11
"3467","User #25389","Timepoint 11",0,10,11
"3468","User #25389","Timepoint 12",0,10,11
"3469","User #25389","Timepoint 13",0,10,11
"3470","User #25389","Timepoint 14",0,10,11
"3471","User #25389","Timepoint 15",0,10,11
"3472","User #25389","Timepoint 16",0,10,11
"3473","User #25389","Timepoint 17",8.14079141616821,10,11
"3474","User #25389","Timepoint 18",7.88419914245605,10,11
"3475","User #25389","Timepoint 19",8.32274675369263,10,11
"3476","User #25389","Timepoint 20",8.48953032493591,10,11
"3477","User #25389","Timepoint 21",8.75899076461792,10,11
"3478","User #25389","Timepoint 22",8.65182757377625,10,11
"3479","User #25389","Timepoint 23",8.98211884498596,10,11
"3480","User #25389","Timepoint 24",8.60932326316833,10,11
"3481","User #25389","Timepoint 25",9.36972951889038,10,11
"3482","User #25389","Timepoint 26",7.50900101661682,10,11
"3483","User #25389","Timepoint 27",9.15873599052429,10,11
"3484","User #25389","Timepoint 28",8.81130504608154,10,11
"3485","User #25389","Timepoint 29",7.68482935428619,10,11
"3486","User #25389","Timepoint 30",7.59681034088135,10,11
"3487","User #25389","Timepoint 31",9.10486841201782,10,11
"3488","User #25389","Timepoint 32",8.29578638076782,10,11
"3489","User #25389","Timepoint 33",8.45826959609985,10,11
"3490","User #25389","Timepoint 34",8.8128867149353,10,11
"3491","User #25389","Timepoint 35",7.78824174404144,10,11
"3492","User #25389","Timepoint 36",5.60454618930817,10,11
"3493","User #25389","Timepoint 37",8.10207605361938,10,11
"3494","User #25389","Timepoint 38",8.07739233970642,10,11
"3495","User #25389","Timepoint 39",6.76956629753113,10,11
"3496","User #25389","Timepoint 40",7.95688140392303,10,11
"3497","User #25389","Timepoint 41",9.52125358581543,10,11
"3498","User #25389","Timepoint 42",7.26050090789795,10,11
"3499","User #25389","Timepoint 43",7.96211099624634,10,11
"3500","User #25389","Timepoint 44",8.6017735004425,10,11
"3501","User #25389","Timepoint 45",7.84979426860809,10,11
"3502","User #25389","Timepoint 46",6.95148265361786,10,11
"3503","User #25389","Timepoint 47",7.93388307094574,10,11
"3504","User #25389","Timepoint 48",8.5156352519989,10,11
"3505","User #25389","Timepoint 49",8.42828774452209,10,11
"3506","User #25389","Timepoint 50",6.95887470245361,10,11
"3507","User #25389","Timepoint 51",8.15341401100159,10,11
"3508","User #25389","Timepoint 52",7.68304109573364,10,11
"3509","User #25389","Timepoint 53",7.24965035915375,10,11
"3510","User #25389","Timepoint 54",6.78281712532043,10,11
"3511","User #25389","Timepoint 55",7.80007684230804,10,11
"3512","User #25389","Timepoint 56",7.67754375934601,10,11
"3513","User #25389","Timepoint 57",7.13335728645325,10,11
"3514","User #25389","Timepoint 58",7.03331291675568,10,11
"3515","User #25389","Timepoint 59",9.37554550170898,10,11
"3516","User #25389","Timepoint 60",8.74427771568298,10,11
"3517","User #25389","Timepoint 61",7.92657375335693,10,11
"3518","User #25389","Timepoint 62",7.66916048526764,10,11
"3519","User #25389","Timepoint 63",8.69226717948914,10,11
"3520","User #25389","Timepoint 64",8.6187846660614,10,11
"3521","User #25384","Timepoint 1",0,10,11
"3522","User #25384","Timepoint 2",0,10,11
"3523","User #25384","Timepoint 3",0,10,11
"3524","User #25384","Timepoint 4",0,10,11
"3525","User #25384","Timepoint 5",0,10,11
"3526","User #25384","Timepoint 6",0,10,11
"3527","User #25384","Timepoint 7",0,10,11
"3528","User #25384","Timepoint 8",0,10,11
"3529","User #25384","Timepoint 9",0,10,11
"3530","User #25384","Timepoint 10",0,10,11
"3531","User #25384","Timepoint 11",0,10,11
"3532","User #25384","Timepoint 12",0,10,11
"3533","User #25384","Timepoint 13",0,10,11
"3534","User #25384","Timepoint 14",0,10,11
"3535","User #25384","Timepoint 15",0,10,11
"3536","User #25384","Timepoint 16",0,10,11
"3537","User #25384","Timepoint 17",9.02015113830566,10,11
"3538","User #25384","Timepoint 18",8.62372922897339,10,11
"3539","User #25384","Timepoint 19",9.26046276092529,10,11
"3540","User #25384","Timepoint 20",10.0588076114655,10,11
"3541","User #25384","Timepoint 21",9.45617836713791,10,11
"3542","User #25384","Timepoint 22",8.63831239938736,10,11
"3543","User #25384","Timepoint 23",9.32077419757843,10,11
"3544","User #25384","Timepoint 24",10.3019630908966,10,11
"3545","User #25384","Timepoint 25",11.7720489501953,10,11
"3546","User #25384","Timepoint 26",9.25583505630493,10,11
"3547","User #25384","Timepoint 27",8.48049068450928,10,11
"3548","User #25384","Timepoint 28",10.4681617021561,10,11
"3549","User #25384","Timepoint 29",10.9136701822281,10,11
"3550","User #25384","Timepoint 30",9.8209827542305,10,11
"3551","User #25384","Timepoint 31",9.58745390176773,10,11
"3552","User #25384","Timepoint 32",10.2785910367966,10,11
"3553","User #25384","Timepoint 33",9.88502943515778,10,11
"3554","User #25384","Timepoint 34",8.59556514024734,10,11
"3555","User #25384","Timepoint 35",9.49568140506744,10,11
"3556","User #25384","Timepoint 36",9.39631199836731,10,11
"3557","User #25384","Timepoint 37",10.3755242824554,10,11
"3558","User #25384","Timepoint 38",9.63407498598099,10,11
"3559","User #25384","Timepoint 39",9.09425717592239,10,11
"3560","User #25384","Timepoint 40",8.78555136919022,10,11
"3561","User #25384","Timepoint 41",9.74100017547607,10,11
"3562","User #25384","Timepoint 42",8.93309915065765,10,11
"3563","User #25384","Timepoint 43",9.99331665039062,10,11
"3564","User #25384","Timepoint 44",9.57439887523651,10,11
"3565","User #25384","Timepoint 45",9.13961279392242,10,11
"3566","User #25384","Timepoint 46",8.22770589590073,10,11
"3567","User #25384","Timepoint 47",8.04131668806076,10,11
"3568","User #25384","Timepoint 48",7.62382535636425,10,11
"3569","User #25384","Timepoint 49",7.87564182281494,10,11
"3570","User #25384","Timepoint 50",7.37863653898239,10,11
"3571","User #25384","Timepoint 51",7.32589907944202,10,11
"3572","User #25384","Timepoint 52",7.36977264285088,10,11
"3573","User #25384","Timepoint 53",7.66169819235802,10,11
"3574","User #25384","Timepoint 54",7.67279377579689,10,11
"3575","User #25384","Timepoint 55",7.57057693600655,10,11
"3576","User #25384","Timepoint 56",7.64314293861389,10,11
"3577","User #25384","Timepoint 57",8.22584623098373,10,11
"3578","User #25384","Timepoint 58",7.21899858862162,10,11
"3579","User #25384","Timepoint 59",6.94499079883099,10,11
"3580","User #25384","Timepoint 60",7.52789360284805,10,11
"3581","User #25384","Timepoint 61",7.88778391480446,10,11
"3582","User #25384","Timepoint 62",7.70561945438385,10,11
"3583","User #25384","Timepoint 63",7.76764768362045,10,11
"3584","User #25384","Timepoint 64",7.92313122749329,10,11
"3585","User #25323","Timepoint 1",0,10,11
"3586","User #25323","Timepoint 2",0,10,11
"3587","User #25323","Timepoint 3",0,10,11
"3588","User #25323","Timepoint 4",0,10,11
"3589","User #25323","Timepoint 5",0,10,11
"3590","User #25323","Timepoint 6",0,10,11
"3591","User #25323","Timepoint 7",0,10,11
"3592","User #25323","Timepoint 8",0,10,11
"3593","User #25323","Timepoint 9",0,10,11
"3594","User #25323","Timepoint 10",0,10,11
"3595","User #25323","Timepoint 11",0,10,11
"3596","User #25323","Timepoint 12",0,10,11
"3597","User #25323","Timepoint 13",0,10,11
"3598","User #25323","Timepoint 14",0,10,11
"3599","User #25323","Timepoint 15",0,10,11
"3600","User #25323","Timepoint 16",0,10,11
"3601","User #25323","Timepoint 17",10.8277430534363,10,11
"3602","User #25323","Timepoint 18",11.5873756408691,10,11
"3603","User #25323","Timepoint 19",12.7736811637878,10,11
"3604","User #25323","Timepoint 20",8.97016644477844,10,11
"3605","User #25323","Timepoint 21",10.3137321472168,10,11
"3606","User #25323","Timepoint 22",10.958842754364,10,11
"3607","User #25323","Timepoint 23",11.0263519287109,10,11
"3608","User #25323","Timepoint 24",9.46276354789734,10,11
"3609","User #25323","Timepoint 25",10.237931728363,10,11
"3610","User #25323","Timepoint 26",10.6757955551147,10,11
"3611","User #25323","Timepoint 27",13.9079895019531,10,11
"3612","User #25323","Timepoint 28",9.28554201126099,10,11
"3613","User #25323","Timepoint 29",8.9164183139801,10,11
"3614","User #25323","Timepoint 30",10.7739195823669,10,11
"3615","User #25323","Timepoint 31",10.5856676101685,10,11
"3616","User #25323","Timepoint 32",10.6889252662659,10,11
"3617","User #25323","Timepoint 33",11.1945862770081,10,11
"3618","User #25323","Timepoint 34",13.1846122741699,10,11
"3619","User #25323","Timepoint 35",9.99516582489014,10,11
"3620","User #25323","Timepoint 36",7.27810060977936,10,11
"3621","User #25323","Timepoint 37",7.55162858963013,10,11
"3622","User #25323","Timepoint 38",6.9501673579216,10,11
"3623","User #25323","Timepoint 39",7.15524661540985,10,11
"3624","User #25323","Timepoint 40",8.76090359687805,10,11
"3625","User #25323","Timepoint 41",11.3049221038818,10,11
"3626","User #25323","Timepoint 42",12.1744923591614,10,11
"3627","User #25323","Timepoint 43",7.61670911312103,10,11
"3628","User #25323","Timepoint 44",8.1708459854126,10,11
"3629","User #25323","Timepoint 45",7.67793011665344,10,11
"3630","User #25323","Timepoint 46",7.8494598865509,10,11
"3631","User #25323","Timepoint 47",7.48029065132141,10,11
"3632","User #25323","Timepoint 48",8.47616624832153,10,11
"3633","User #25323","Timepoint 49",8.44193631410599,10,11
"3634","User #25323","Timepoint 50",8.45357543230057,10,11
"3635","User #25323","Timepoint 51",8.58389008045197,10,11
"3636","User #25323","Timepoint 52",8.27404299378395,10,11
"3637","User #25323","Timepoint 53",9.64865952730179,10,11
"3638","User #25323","Timepoint 54",10.032923579216,10,11
"3639","User #25323","Timepoint 55",9.12109300494194,10,11
"3640","User #25323","Timepoint 56",8.96734991669655,10,11
"3641","User #25323","Timepoint 57",8.7061613202095,10,11
"3642","User #25323","Timepoint 58",9.42880553007126,10,11
"3643","User #25323","Timepoint 59",9.17217165231705,10,11
"3644","User #25323","Timepoint 60",6.39674092084169,10,11
"3645","User #25323","Timepoint 61",9.19308856129646,10,11
"3646","User #25323","Timepoint 62",9.99376213550568,10,11
"3647","User #25323","Timepoint 63",6.83528379350901,10,11
"3648","User #25323","Timepoint 64",7.87646234035492,10,11
"3649","User #25329","Timepoint 1",0,10,11
"3650","User #25329","Timepoint 2",0,10,11
"3651","User #25329","Timepoint 3",0,10,11
"3652","User #25329","Timepoint 4",0,10,11
"3653","User #25329","Timepoint 5",0,10,11
"3654","User #25329","Timepoint 6",0,10,11
"3655","User #25329","Timepoint 7",0,10,11
"3656","User #25329","Timepoint 8",0,10,11
"3657","User #25329","Timepoint 9",0,10,11
"3658","User #25329","Timepoint 10",0,10,11
"3659","User #25329","Timepoint 11",0,10,11
"3660","User #25329","Timepoint 12",0,10,11
"3661","User #25329","Timepoint 13",0,10,11
"3662","User #25329","Timepoint 14",0,10,11
"3663","User #25329","Timepoint 15",0,10,11
"3664","User #25329","Timepoint 16",0,10,11
"3665","User #25329","Timepoint 17",8.92631912231445,10,11
"3666","User #25329","Timepoint 18",10.9385230541229,10,11
"3667","User #25329","Timepoint 19",8.59877324104309,10,11
"3668","User #25329","Timepoint 20",12.2559789419174,10,11
"3669","User #25329","Timepoint 21",13.2416461110115,10,11
"3670","User #25329","Timepoint 22",7.89534404873848,10,11
"3671","User #25329","Timepoint 23",10.8414914608002,10,11
"3672","User #25329","Timepoint 24",11.5541366934776,10,11
"3673","User #25329","Timepoint 25",10.5656331777573,10,11
"3674","User #25329","Timepoint 26",13.8677965402603,10,11
"3675","User #25329","Timepoint 27",8.10566417872906,10,11
"3676","User #25329","Timepoint 28",8.34032242000103,10,11
"3677","User #25329","Timepoint 29",9.41693803668022,10,11
"3678","User #25329","Timepoint 30",7.57608038932085,10,11
"3679","User #25329","Timepoint 31",8.5097648203373,10,11
"3680","User #25329","Timepoint 32",10.6497134566307,10,11
"3681","User #25329","Timepoint 33",12.3562390804291,10,11
"3682","User #25329","Timepoint 34",9.36100196838379,10,11
"3683","User #25329","Timepoint 35",7.45960623025894,10,11
"3684","User #25329","Timepoint 36",10.8475229740143,10,11
"3685","User #25329","Timepoint 37",8.94170394539833,10,11
"3686","User #25329","Timepoint 38",8.83165991306305,10,11
"3687","User #25329","Timepoint 39",9.86806651949883,10,11
"3688","User #25329","Timepoint 40",10.0068774819374,10,11
"3689","User #25329","Timepoint 41",8.34328831732273,10,11
"3690","User #25329","Timepoint 42",7.33082616329193,10,11
"3691","User #25329","Timepoint 43",10.7985770106316,10,11
"3692","User #25329","Timepoint 44",11.2053511738777,10,11
"3693","User #25329","Timepoint 45",8.84721809625626,10,11
"3694","User #25329","Timepoint 46",8.93497794866562,10,11
"3695","User #25329","Timepoint 47",10.7957656979561,10,11
"3696","User #25329","Timepoint 48",10.199435710907,10,11
"3697","User #25329","Timepoint 49",11.206608235836,10,11
"3698","User #25329","Timepoint 50",8.60133272409439,10,11
"3699","User #25329","Timepoint 51",9.90042459964752,10,11
"3700","User #25329","Timepoint 52",9.88033962249756,10,11
"3701","User #25329","Timepoint 53",10.0253723263741,10,11
"3702","User #25329","Timepoint 54",9.51034170389175,10,11
"3703","User #25329","Timepoint 55",11.6855941414833,10,11
"3704","User #25329","Timepoint 56",12.2208095788956,10,11
"3705","User #25329","Timepoint 57",9.08052724599838,10,11
"3706","User #25329","Timepoint 58",8.57466217875481,10,11
"3707","User #25329","Timepoint 59",10.007128238678,10,11
"3708","User #25329","Timepoint 60",9.63074606657028,10,11
"3709","User #25329","Timepoint 61",9.41911426186562,10,11
"3710","User #25329","Timepoint 62",7.46256598085165,10,11
"3711","User #25329","Timepoint 63",9.43228152394295,10,11
"3712","User #25329","Timepoint 64",10.1538531184196,10,11
"3713","User #25341","Timepoint 1",0,10,11
"3714","User #25341","Timepoint 2",0,10,11
"3715","User #25341","Timepoint 3",0,10,11
"3716","User #25341","Timepoint 4",0,10,11
"3717","User #25341","Timepoint 5",0,10,11
"3718","User #25341","Timepoint 6",0,10,11
"3719","User #25341","Timepoint 7",0,10,11
"3720","User #25341","Timepoint 8",0,10,11
"3721","User #25341","Timepoint 9",0,10,11
"3722","User #25341","Timepoint 10",0,10,11
"3723","User #25341","Timepoint 11",0,10,11
"3724","User #25341","Timepoint 12",0,10,11
"3725","User #25341","Timepoint 13",0,10,11
"3726","User #25341","Timepoint 14",0,10,11
"3727","User #25341","Timepoint 15",0,10,11
"3728","User #25341","Timepoint 16",0,10,11
"3729","User #25341","Timepoint 17",7.55670264363289,10,11
"3730","User #25341","Timepoint 18",8.00727328658104,10,11
"3731","User #25341","Timepoint 19",10.7207993865013,10,11
"3732","User #25341","Timepoint 20",8.00791937112808,10,11
"3733","User #25341","Timepoint 21",6.64016130566597,10,11
"3734","User #25341","Timepoint 22",8.1071965098381,10,11
"3735","User #25341","Timepoint 23",9.08341732621193,10,11
"3736","User #25341","Timepoint 24",8.57197538018227,10,11
"3737","User #25341","Timepoint 25",6.43010877817869,10,11
"3738","User #25341","Timepoint 26",8.45860308408737,10,11
"3739","User #25341","Timepoint 27",10.6475012302399,10,11
"3740","User #25341","Timepoint 28",9.24422040581703,10,11
"3741","User #25341","Timepoint 29",5.94653014093637,10,11
"3742","User #25341","Timepoint 30",7.03015646338463,10,11
"3743","User #25341","Timepoint 31",8.47405216097832,10,11
"3744","User #25341","Timepoint 32",10.2396380901337,10,11
"3745","User #25341","Timepoint 33",7.17170634865761,10,11
"3746","User #25341","Timepoint 34",7.63922706246376,10,11
"3747","User #25341","Timepoint 35",8.20653706789017,10,11
"3748","User #25341","Timepoint 36",8.22918716073036,10,11
"3749","User #25341","Timepoint 37",6.37776216119528,10,11
"3750","User #25341","Timepoint 38",8.37458476424217,10,11
"3751","User #25341","Timepoint 39",10.7684940695763,10,11
"3752","User #25341","Timepoint 40",9.92346388101578,10,11
"3753","User #25341","Timepoint 41",6.79659674316645,10,11
"3754","User #25341","Timepoint 42",7.67854204773903,10,11
"3755","User #25341","Timepoint 43",7.25223712623119,10,11
"3756","User #25341","Timepoint 44",8.56387564539909,10,11
"3757","User #25341","Timepoint 45",6.81633747369051,10,11
"3758","User #25341","Timepoint 46",7.86388403177261,10,11
"3759","User #25341","Timepoint 47",8.65372458100319,10,11
"3760","User #25341","Timepoint 48",7.23938980698586,10,11
"3761","User #25341","Timepoint 49",6.17116397619247,10,11
"3762","User #25341","Timepoint 50",6.48161467909813,10,11
"3763","User #25341","Timepoint 51",7.59300446510315,10,11
"3764","User #25341","Timepoint 52",7.13680505752563,10,11
"3765","User #25341","Timepoint 53",6.41987785696983,10,11
"3766","User #25341","Timepoint 54",6.19458845257759,10,11
"3767","User #25341","Timepoint 55",6.99170529842377,10,11
"3768","User #25341","Timepoint 56",7.03710997104645,10,11
"3769","User #25341","Timepoint 57",6.90625,10,11
"3770","User #25341","Timepoint 58",7.01616394519806,10,11
"3771","User #25341","Timepoint 59",6.49116498231888,10,11
"3772","User #25341","Timepoint 60",6.494520008564,10,11
"3773","User #25341","Timepoint 61",6.12652732431889,10,11
"3774","User #25341","Timepoint 62",6.08098152279854,10,11
"3775","User #25341","Timepoint 63",7.19420576095581,10,11
"3776","User #25341","Timepoint 64",7.84947967529297,10,11
"3777","User #25385","Timepoint 1",0,10,11
"3778","User #25385","Timepoint 2",0,10,11
"3779","User #25385","Timepoint 3",0,10,11
"3780","User #25385","Timepoint 4",0,10,11
"3781","User #25385","Timepoint 5",0,10,11
"3782","User #25385","Timepoint 6",0,10,11
"3783","User #25385","Timepoint 7",0,10,11
"3784","User #25385","Timepoint 8",0,10,11
"3785","User #25385","Timepoint 9",0,10,11
"3786","User #25385","Timepoint 10",0,10,11
"3787","User #25385","Timepoint 11",0,10,11
"3788","User #25385","Timepoint 12",0,10,11
"3789","User #25385","Timepoint 13",0,10,11
"3790","User #25385","Timepoint 14",0,10,11
"3791","User #25385","Timepoint 15",0,10,11
"3792","User #25385","Timepoint 16",0,10,11
"3793","User #25385","Timepoint 17",6.9905571937561,10,11
"3794","User #25385","Timepoint 18",6.09511053562164,10,11
"3795","User #25385","Timepoint 19",6.71516597270966,10,11
"3796","User #25385","Timepoint 20",5.74010068178177,10,11
"3797","User #25385","Timepoint 21",5.83700674772263,10,11
"3798","User #25385","Timepoint 22",5.4872907102108,10,11
"3799","User #25385","Timepoint 23",6.09126341342926,10,11
"3800","User #25385","Timepoint 24",6.67923438549042,10,11
"3801","User #25385","Timepoint 25",5.84622871875763,10,11
"3802","User #25385","Timepoint 26",5.65259265899658,10,11
"3803","User #25385","Timepoint 27",5.93619060516357,10,11
"3804","User #25385","Timepoint 28",7.22930192947388,10,11
"3805","User #25385","Timepoint 29",6.05097484588623,10,11
"3806","User #25385","Timepoint 30",5.99289393424988,10,11
"3807","User #25385","Timepoint 31",6.99399590492249,10,11
"3808","User #25385","Timepoint 32",7.73384666442871,10,11
"3809","User #25385","Timepoint 33",6.02639603614807,10,11
"3810","User #25385","Timepoint 34",6.07377219200134,10,11
"3811","User #25385","Timepoint 35",6.587850689888,10,11
"3812","User #25385","Timepoint 36",6.18200206756592,10,11
"3813","User #25385","Timepoint 37",6.41437244415283,10,11
"3814","User #25385","Timepoint 38",6.14133358001709,10,11
"3815","User #25385","Timepoint 39",7.16392064094543,10,11
"3816","User #25385","Timepoint 40",7.29360222816467,10,11
"3817","User #25385","Timepoint 41",6.59451413154602,10,11
"3818","User #25385","Timepoint 42",6.13661646842957,10,11
"3819","User #25385","Timepoint 43",6.31937980651855,10,11
"3820","User #25385","Timepoint 44",6.57791924476624,10,11
"3821","User #25385","Timepoint 45",6.54774034023285,10,11
"3822","User #25385","Timepoint 46",6.33028137683868,10,11
"3823","User #25385","Timepoint 47",6.42312920093536,10,11
"3824","User #25385","Timepoint 48",6.85030710697174,10,11
"3825","User #25385","Timepoint 49",6.08910936117172,10,11
"3826","User #25385","Timepoint 50",6.14216363430023,10,11
"3827","User #25385","Timepoint 51",6.58156830072403,10,11
"3828","User #25385","Timepoint 52",6.60157471895218,10,11
"3829","User #25385","Timepoint 53",6.4979353249073,10,11
"3830","User #25385","Timepoint 54",6.65786820650101,10,11
"3831","User #25385","Timepoint 55",6.62546122074127,10,11
"3832","User #25385","Timepoint 56",7.1338564157486,10,11
"3833","User #25385","Timepoint 57",6.25883024930954,10,11
"3834","User #25385","Timepoint 58",6.03471130132675,10,11
"3835","User #25385","Timepoint 59",6.6347827911377,10,11
"3836","User #25385","Timepoint 60",6.48320490121841,10,11
"3837","User #25385","Timepoint 61",6.75176519155502,10,11
"3838","User #25385","Timepoint 62",6.52395677566528,10,11
"3839","User #25385","Timepoint 63",6.82350981235504,10,11
"3840","User #25385","Timepoint 64",6.85846614837646,10,11
"3841","User #25322","Timepoint 1",0,10,11
"3842","User #25322","Timepoint 2",0,10,11
"3843","User #25322","Timepoint 3",0,10,11
"3844","User #25322","Timepoint 4",0,10,11
"3845","User #25322","Timepoint 5",0,10,11
"3846","User #25322","Timepoint 6",0,10,11
"3847","User #25322","Timepoint 7",0,10,11
"3848","User #25322","Timepoint 8",0,10,11
"3849","User #25322","Timepoint 9",0,10,11
"3850","User #25322","Timepoint 10",0,10,11
"3851","User #25322","Timepoint 11",0,10,11
"3852","User #25322","Timepoint 12",0,10,11
"3853","User #25322","Timepoint 13",0,10,11
"3854","User #25322","Timepoint 14",0,10,11
"3855","User #25322","Timepoint 15",0,10,11
"3856","User #25322","Timepoint 16",0,10,11
"3857","User #25322","Timepoint 17",8.89130073785782,10,11
"3858","User #25322","Timepoint 18",8.48769003152847,10,11
"3859","User #25322","Timepoint 19",8.602045327425,10,11
"3860","User #25322","Timepoint 20",10.3802275061607,10,11
"3861","User #25322","Timepoint 21",9.45533588528633,10,11
"3862","User #25322","Timepoint 22",8.82700583338737,10,11
"3863","User #25322","Timepoint 23",6.37909388914704,10,11
"3864","User #25322","Timepoint 24",7.5317999124527,10,11
"3865","User #25322","Timepoint 25",9.58399015665054,10,11
"3866","User #25322","Timepoint 26",10.7375662922859,10,11
"3867","User #25322","Timepoint 27",13.342449426651,10,11
"3868","User #25322","Timepoint 28",10.131826043129,10,11
"3869","User #25322","Timepoint 29",9.6262503862381,10,11
"3870","User #25322","Timepoint 30",10.1213756203651,10,11
"3871","User #25322","Timepoint 31",11.0069532990456,10,11
"3872","User #25322","Timepoint 32",10.7863411903381,10,11
"3873","User #25322","Timepoint 33",10.9610068202019,10,11
"3874","User #25322","Timepoint 34",9.70154666900635,10,11
"3875","User #25322","Timepoint 35",10.8203360438347,10,11
"3876","User #25322","Timepoint 36",10.0842723846436,10,11
"3877","User #25322","Timepoint 37",11.0330770611763,10,11
"3878","User #25322","Timepoint 38",10.1056250929832,10,11
"3879","User #25322","Timepoint 39",10.3592131733894,10,11
"3880","User #25322","Timepoint 40",9.99339330196381,10,11
"3881","User #25322","Timepoint 41",9.48913609981537,10,11
"3882","User #25322","Timepoint 42",10.5033361315727,10,11
"3883","User #25322","Timepoint 43",11.3147060871124,10,11
"3884","User #25322","Timepoint 44",10.470252931118,10,11
"3885","User #25322","Timepoint 45",10.171957552433,10,11
"3886","User #25322","Timepoint 46",10.351617872715,10,11
"3887","User #25322","Timepoint 47",9.59230601787567,10,11
"3888","User #25322","Timepoint 48",9.75140011310577,10,11
"3889","User #25322","Timepoint 49",9.84486865997314,10,11
"3890","User #25322","Timepoint 50",10.7381898164749,10,11
"3891","User #25322","Timepoint 51",11.0110241174698,10,11
"3892","User #25322","Timepoint 52",10.8565537333488,10,11
"3893","User #25322","Timepoint 53",10.8255103826523,10,11
"3894","User #25322","Timepoint 54",10.907926440239,10,11
"3895","User #25322","Timepoint 55",10.8849418759346,10,11
"3896","User #25322","Timepoint 56",10.885332942009,10,11
"3897","User #25322","Timepoint 57",9.15165294706821,10,11
"3898","User #25322","Timepoint 58",10.5805512070656,10,11
"3899","User #25322","Timepoint 59",11.006010890007,10,11
"3900","User #25322","Timepoint 60",10.3501510620117,10,11
"3901","User #25322","Timepoint 61",10.3334535062313,10,11
"3902","User #25322","Timepoint 62",11.410403072834,10,11
"3903","User #25322","Timepoint 63",10.5427722930908,10,11
"3904","User #25322","Timepoint 64",10.858026266098,10,11
"3905","User #25304","Timepoint 1",0,10,11
"3906","User #25304","Timepoint 2",0,10,11
"3907","User #25304","Timepoint 3",0,10,11
"3908","User #25304","Timepoint 4",0,10,11
"3909","User #25304","Timepoint 5",0,10,11
"3910","User #25304","Timepoint 6",0,10,11
"3911","User #25304","Timepoint 7",0,10,11
"3912","User #25304","Timepoint 8",0,10,11
"3913","User #25304","Timepoint 9",0,10,11
"3914","User #25304","Timepoint 10",0,10,11
"3915","User #25304","Timepoint 11",0,10,11
"3916","User #25304","Timepoint 12",0,10,11
"3917","User #25304","Timepoint 13",0,10,11
"3918","User #25304","Timepoint 14",0,10,11
"3919","User #25304","Timepoint 15",0,10,11
"3920","User #25304","Timepoint 16",0,10,11
"3921","User #25304","Timepoint 17",8.34117221832275,10,11
"3922","User #25304","Timepoint 18",5.61638349294662,10,11
"3923","User #25304","Timepoint 19",5.33950632810593,10,11
"3924","User #25304","Timepoint 20",7.27528119087219,10,11
"3925","User #25304","Timepoint 21",6.65566408634186,10,11
"3926","User #25304","Timepoint 22",5.92860984802246,10,11
"3927","User #25304","Timepoint 23",4.7819530069828,10,11
"3928","User #25304","Timepoint 24",8.14579486846924,10,11
"3929","User #25304","Timepoint 25",8.59674954414368,10,11
"3930","User #25304","Timepoint 26",5.65719443559647,10,11
"3931","User #25304","Timepoint 27",7.49561333656311,10,11
"3932","User #25304","Timepoint 28",9.13595151901245,10,11
"3933","User #25304","Timepoint 29",8.57255959510803,10,11
"3934","User #25304","Timepoint 30",5.12278261780739,10,11
"3935","User #25304","Timepoint 31",7.20172882080078,10,11
"3936","User #25304","Timepoint 32",7.91101598739624,10,11
"3937","User #25304","Timepoint 33",8.0127956867218,10,11
"3938","User #25304","Timepoint 34",5.11936545372009,10,11
"3939","User #25304","Timepoint 35",8.33563113212585,10,11
"3940","User #25304","Timepoint 36",8.71486568450928,10,11
"3941","User #25304","Timepoint 37",7.11634230613708,10,11
"3942","User #25304","Timepoint 38",5.42278441786766,10,11
"3943","User #25304","Timepoint 39",7.30118060112,10,11
"3944","User #25304","Timepoint 40",6.37455666065216,10,11
"3945","User #25304","Timepoint 41",8.36520862579346,10,11
"3946","User #25304","Timepoint 42",5.13732618093491,10,11
"3947","User #25304","Timepoint 43",7.34581446647644,10,11
"3948","User #25304","Timepoint 44",8.15961408615112,10,11
"3949","User #25304","Timepoint 45",8.21986746788025,10,11
"3950","User #25304","Timepoint 46",5.85289084911346,10,11
"3951","User #25304","Timepoint 47",6.37408483028412,10,11
"3952","User #25304","Timepoint 48",7.27710318565369,10,11
"3953","User #25304","Timepoint 49",7.50446510314941,10,11
"3954","User #25304","Timepoint 50",5.27268727123737,10,11
"3955","User #25304","Timepoint 51",7.1999260187149,10,11
"3956","User #25304","Timepoint 52",7.78841376304626,10,11
"3957","User #25304","Timepoint 53",7.25111293792725,10,11
"3958","User #25304","Timepoint 54",5.13383161276579,10,11
"3959","User #25304","Timepoint 55",6.58872836828232,10,11
"3960","User #25304","Timepoint 56",7.17179805040359,10,11
"3961","User #25304","Timepoint 57",7.53065973520279,10,11
"3962","User #25304","Timepoint 58",4.86321158707142,10,11
"3963","User #25304","Timepoint 59",6.67323243618011,10,11
"3964","User #25304","Timepoint 60",7.15930271148682,10,11
"3965","User #25304","Timepoint 61",7.54344886541367,10,11
"3966","User #25304","Timepoint 62",5.29204796999693,10,11
"3967","User #25304","Timepoint 63",6.34401586651802,10,11
"3968","User #25304","Timepoint 64",6.71352243423462,10,11
"3969","User #25312","Timepoint 1",0,10,11
"3970","User #25312","Timepoint 2",0,10,11
"3971","User #25312","Timepoint 3",0,10,11
"3972","User #25312","Timepoint 4",0,10,11
"3973","User #25312","Timepoint 5",0,10,11
"3974","User #25312","Timepoint 6",0,10,11
"3975","User #25312","Timepoint 7",0,10,11
"3976","User #25312","Timepoint 8",0,10,11
"3977","User #25312","Timepoint 9",0,10,11
"3978","User #25312","Timepoint 10",0,10,11
"3979","User #25312","Timepoint 11",0,10,11
"3980","User #25312","Timepoint 12",0,10,11
"3981","User #25312","Timepoint 13",0,10,11
"3982","User #25312","Timepoint 14",0,10,11
"3983","User #25312","Timepoint 15",0,10,11
"3984","User #25312","Timepoint 16",0,10,11
"3985","User #25312","Timepoint 17",7.68801084160805,10,11
"3986","User #25312","Timepoint 18",7.43773943185806,10,11
"3987","User #25312","Timepoint 19",7.94123297929764,10,11
"3988","User #25312","Timepoint 20",8.39653199911118,10,11
"3989","User #25312","Timepoint 21",8.13021740317345,10,11
"3990","User #25312","Timepoint 22",7.97901859879494,10,11
"3991","User #25312","Timepoint 23",7.34476646780968,10,11
"3992","User #25312","Timepoint 24",6.92705354094505,10,11
"3993","User #25312","Timepoint 25",6.12752324342728,10,11
"3994","User #25312","Timepoint 26",6.38995429873466,10,11
"3995","User #25312","Timepoint 27",8.66499012708664,10,11
"3996","User #25312","Timepoint 28",9.61095875501633,10,11
"3997","User #25312","Timepoint 29",8.40340039134026,10,11
"3998","User #25312","Timepoint 30",9.10461133718491,10,11
"3999","User #25312","Timepoint 31",9.97907704114914,10,11
"4000","User #25312","Timepoint 32",9.95740330219269,10,11
"4001","User #25312","Timepoint 33",7.50191843509674,10,11
"4002","User #25312","Timepoint 34",9.2757094502449,10,11
"4003","User #25312","Timepoint 35",10.0027871727943,10,11
"4004","User #25312","Timepoint 36",8.64008074998856,10,11
"4005","User #25312","Timepoint 37",7.86026573181152,10,11
"4006","User #25312","Timepoint 38",8.98610061407089,10,11
"4007","User #25312","Timepoint 39",8.28501126170158,10,11
"4008","User #25312","Timepoint 40",8.89508163928986,10,11
"4009","User #25312","Timepoint 41",9.11548322439194,10,11
"4010","User #25312","Timepoint 42",7.9417417049408,10,11
"4011","User #25312","Timepoint 43",8.97530651092529,10,11
"4012","User #25312","Timepoint 44",9.3649143576622,10,11
"4013","User #25312","Timepoint 45",8.23136842250824,10,11
"4014","User #25312","Timepoint 46",7.75816163420677,10,11
"4015","User #25312","Timepoint 47",8.88116812705994,10,11
"4016","User #25312","Timepoint 48",9.35725158452988,10,11
"4017","User #25312","Timepoint 49",9.39724099636078,10,11
"4018","User #25312","Timepoint 50",9.06565141677856,10,11
"4019","User #25312","Timepoint 51",9.14378878474236,10,11
"4020","User #25312","Timepoint 52",9.20223918557167,10,11
"4021","User #25312","Timepoint 53",9.22750291228294,10,11
"4022","User #25312","Timepoint 54",8.23675838112831,10,11
"4023","User #25312","Timepoint 55",7.64953245222569,10,11
"4024","User #25312","Timepoint 56",7.86603596806526,10,11
"4025","User #25312","Timepoint 57",8.70043349266052,10,11
"4026","User #25312","Timepoint 58",9.0220273733139,10,11
"4027","User #25312","Timepoint 59",9.05887526273727,10,11
"4028","User #25312","Timepoint 60",9.36595511436462,10,11
"4029","User #25312","Timepoint 61",9.54611432552338,10,11
"4030","User #25312","Timepoint 62",9.90991753339767,10,11
"4031","User #25312","Timepoint 63",10.2482352852821,10,11
"4032","User #25312","Timepoint 64",10.6357873678207,10,11
"4033","User #25386","Timepoint 1",0,10,11
"4034","User #25386","Timepoint 2",0,10,11
"4035","User #25386","Timepoint 3",0,10,11
"4036","User #25386","Timepoint 4",0,10,11
"4037","User #25386","Timepoint 5",0,10,11
"4038","User #25386","Timepoint 6",0,10,11
"4039","User #25386","Timepoint 7",0,10,11
"4040","User #25386","Timepoint 8",0,10,11
"4041","User #25386","Timepoint 9",0,10,11
"4042","User #25386","Timepoint 10",0,10,11
"4043","User #25386","Timepoint 11",0,10,11
"4044","User #25386","Timepoint 12",0,10,11
"4045","User #25386","Timepoint 13",0,10,11
"4046","User #25386","Timepoint 14",0,10,11
"4047","User #25386","Timepoint 15",0,10,11
"4048","User #25386","Timepoint 16",0,10,11
"4049","User #25386","Timepoint 17",12.1850404143333,10,11
"4050","User #25386","Timepoint 18",12.9123213291168,10,11
"4051","User #25386","Timepoint 19",13.4389620125294,10,11
"4052","User #25386","Timepoint 20",11.9635462760925,10,11
"4053","User #25386","Timepoint 21",10.9744272381067,10,11
"4054","User #25386","Timepoint 22",12.4136786162853,10,11
"4055","User #25386","Timepoint 23",13.9080350399017,10,11
"4056","User #25386","Timepoint 24",13.4650444686413,10,11
"4057","User #25386","Timepoint 25",10.9698650091887,10,11
"4058","User #25386","Timepoint 26",11.24520842731,10,11
"4059","User #25386","Timepoint 27",13.3531754612923,10,11
"4060","User #25386","Timepoint 28",14.656641960144,10,11
"4061","User #25386","Timepoint 29",13.1796123683453,10,11
"4062","User #25386","Timepoint 30",11.8134174644947,10,11
"4063","User #25386","Timepoint 31",12.9071105122566,10,11
"4064","User #25386","Timepoint 32",12.8428218662739,10,11
"4065","User #25386","Timepoint 33",12.9651166796684,10,11
"4066","User #25386","Timepoint 34",12.2142452299595,10,11
"4067","User #25386","Timepoint 35",14.9397492408752,10,11
"4068","User #25386","Timepoint 36",15.1304228305817,10,11
"4069","User #25386","Timepoint 37",14.0610613226891,10,11
"4070","User #25386","Timepoint 38",16.4788557291031,10,11
"4071","User #25386","Timepoint 39",16.1230936646461,10,11
"4072","User #25386","Timepoint 40",15.9707775115967,10,11
"4073","User #25386","Timepoint 41",13.573268532753,10,11
"4074","User #25386","Timepoint 42",13.8933300971985,10,11
"4075","User #25386","Timepoint 43",14.6217262744904,10,11
"4076","User #25386","Timepoint 44",15.4869296550751,10,11
"4077","User #25386","Timepoint 45",14.8720311522484,10,11
"4078","User #25386","Timepoint 46",14.4743075966835,10,11
"4079","User #25386","Timepoint 47",14.5855947732925,10,11
"4080","User #25386","Timepoint 48",15.106338083744,10,11
"4081","User #25386","Timepoint 49",12.4358260035515,10,11
"4082","User #25386","Timepoint 50",12.1528268456459,10,11
"4083","User #25386","Timepoint 51",15.0077871084213,10,11
"4084","User #25386","Timepoint 52",14.8776427507401,10,11
"4085","User #25386","Timepoint 53",13.2069242596626,10,11
"4086","User #25386","Timepoint 54",14.3761758804321,10,11
"4087","User #25386","Timepoint 55",14.4900678396225,10,11
"4088","User #25386","Timepoint 56",14.0263189077377,10,11
"4089","User #25386","Timepoint 57",11.651166588068,10,11
"4090","User #25386","Timepoint 58",11.5280872583389,10,11
"4091","User #25386","Timepoint 59",13.5225111842155,10,11
"4092","User #25386","Timepoint 60",13.408461689949,10,11
"4093","User #25386","Timepoint 61",12.8353800177574,10,11
"4094","User #25386","Timepoint 62",13.7435602545738,10,11
"4095","User #25386","Timepoint 63",13.9551559686661,10,11
"4096","User #25386","Timepoint 64",13.773806810379,10,11
"4097","User #25297","Timepoint 1",0,10,11
"4098","User #25297","Timepoint 2",0,10,11
"4099","User #25297","Timepoint 3",0,10,11
"4100","User #25297","Timepoint 4",0,10,11
"4101","User #25297","Timepoint 5",0,10,11
"4102","User #25297","Timepoint 6",0,10,11
"4103","User #25297","Timepoint 7",0,10,11
"4104","User #25297","Timepoint 8",0,10,11
"4105","User #25297","Timepoint 9",0,10,11
"4106","User #25297","Timepoint 10",0,10,11
"4107","User #25297","Timepoint 11",0,10,11
"4108","User #25297","Timepoint 12",0,10,11
"4109","User #25297","Timepoint 13",0,10,11
"4110","User #25297","Timepoint 14",0,10,11
"4111","User #25297","Timepoint 15",0,10,11
"4112","User #25297","Timepoint 16",0,10,11
"4113","User #25297","Timepoint 17",13.7157492637634,10,11
"4114","User #25297","Timepoint 18",13.5991778373718,10,11
"4115","User #25297","Timepoint 19",13.2673630714417,10,11
"4116","User #25297","Timepoint 20",13.3369908332825,10,11
"4117","User #25297","Timepoint 21",10.3583779335022,10,11
"4118","User #25297","Timepoint 22",8.93288826942444,10,11
"4119","User #25297","Timepoint 23",10.148628950119,10,11
"4120","User #25297","Timepoint 24",11.6637670993805,10,11
"4121","User #25297","Timepoint 25",11.2813630104065,10,11
"4122","User #25297","Timepoint 26",11.6112384796143,10,11
"4123","User #25297","Timepoint 27",13.4066882133484,10,11
"4124","User #25297","Timepoint 28",14.1232805252075,10,11
"4125","User #25297","Timepoint 29",10.9459717273712,10,11
"4126","User #25297","Timepoint 30",13.4636878967285,10,11
"4127","User #25297","Timepoint 31",13.1415066719055,10,11
"4128","User #25297","Timepoint 32",14.024977684021,10,11
"4129","User #25297","Timepoint 33",13.6610279083252,10,11
"4130","User #25297","Timepoint 34",13.3065519332886,10,11
"4131","User #25297","Timepoint 35",13.234845161438,10,11
"4132","User #25297","Timepoint 36",14.3851594924927,10,11
"4133","User #25297","Timepoint 37",9.08506691455841,10,11
"4134","User #25297","Timepoint 38",7.95969754457474,10,11
"4135","User #25297","Timepoint 39",10.8064534664154,10,11
"4136","User #25297","Timepoint 40",12.7789125442505,10,11
"4137","User #25297","Timepoint 41",9.8856143951416,10,11
"4138","User #25297","Timepoint 42",8.21615189313889,10,11
"4139","User #25297","Timepoint 43",10.8120009899139,10,11
"4140","User #25297","Timepoint 44",9.98708629608154,10,11
"4141","User #25297","Timepoint 45",13.1722846031189,10,11
"4142","User #25297","Timepoint 46",12.2412366867065,10,11
"4143","User #25297","Timepoint 47",13.9452357292175,10,11
"4144","User #25297","Timepoint 48",13.3150839805603,10,11
"4145","User #25297","Timepoint 49",9.07864224910736,10,11
"4146","User #25297","Timepoint 50",11.133403301239,10,11
"4147","User #25297","Timepoint 51",12.2415404319763,10,11
"4148","User #25297","Timepoint 52",13.0582723617554,10,11
"4149","User #25297","Timepoint 53",10.8311595916748,10,11
"4150","User #25297","Timepoint 54",12.0529036521912,10,11
"4151","User #25297","Timepoint 55",11.020982503891,10,11
"4152","User #25297","Timepoint 56",11.7179982662201,10,11
"4153","User #25297","Timepoint 57",10.4223227500916,10,11
"4154","User #25297","Timepoint 58",11.5638308525085,10,11
"4155","User #25297","Timepoint 59",12.4791851043701,10,11
"4156","User #25297","Timepoint 60",12.5835466384888,10,11
"4157","User #25297","Timepoint 61",11.7140481472015,10,11
"4158","User #25297","Timepoint 62",12.9001564979553,10,11
"4159","User #25297","Timepoint 63",13.6727876663208,10,11
"4160","User #25297","Timepoint 64",13.6880187988281,10,11
"4161","User #25299","Timepoint 1",0,10,11
"4162","User #25299","Timepoint 2",0,10,11
"4163","User #25299","Timepoint 3",0,10,11
"4164","User #25299","Timepoint 4",0,10,11
"4165","User #25299","Timepoint 5",0,10,11
"4166","User #25299","Timepoint 6",0,10,11
"4167","User #25299","Timepoint 7",0,10,11
"4168","User #25299","Timepoint 8",0,10,11
"4169","User #25299","Timepoint 9",0,10,11
"4170","User #25299","Timepoint 10",0,10,11
"4171","User #25299","Timepoint 11",0,10,11
"4172","User #25299","Timepoint 12",0,10,11
"4173","User #25299","Timepoint 13",0,10,11
"4174","User #25299","Timepoint 14",0,10,11
"4175","User #25299","Timepoint 15",0,10,11
"4176","User #25299","Timepoint 16",0,10,11
"4177","User #25299","Timepoint 17",7.53718829154968,10,11
"4178","User #25299","Timepoint 18",7.48314321041107,10,11
"4179","User #25299","Timepoint 19",7.26492735743523,10,11
"4180","User #25299","Timepoint 20",7.1443253159523,10,11
"4181","User #25299","Timepoint 21",8.48595482110977,10,11
"4182","User #25299","Timepoint 22",6.83616265654564,10,11
"4183","User #25299","Timepoint 23",6.64989575743675,10,11
"4184","User #25299","Timepoint 24",7.15092560648918,10,11
"4185","User #25299","Timepoint 25",6.38092012703419,10,11
"4186","User #25299","Timepoint 26",8.51911693811417,10,11
"4187","User #25299","Timepoint 27",7.83695483207703,10,11
"4188","User #25299","Timepoint 28",6.39514330029488,10,11
"4189","User #25299","Timepoint 29",7.76103687286377,10,11
"4190","User #25299","Timepoint 30",7.04068583250046,10,11
"4191","User #25299","Timepoint 31",7.0325533747673,10,11
"4192","User #25299","Timepoint 32",7.51334398984909,10,11
"4193","User #25299","Timepoint 33",8.92172598838806,10,11
"4194","User #25299","Timepoint 34",6.94053447246552,10,11
"4195","User #25299","Timepoint 35",8.12675929069519,10,11
"4196","User #25299","Timepoint 36",8.27473944425583,10,11
"4197","User #25299","Timepoint 37",7.93033057451248,10,11
"4198","User #25299","Timepoint 38",7.16288968920708,10,11
"4199","User #25299","Timepoint 39",7.5876202583313,10,11
"4200","User #25299","Timepoint 40",6.90081292390823,10,11
"4201","User #25299","Timepoint 41",7.45427316427231,10,11
"4202","User #25299","Timepoint 42",8.36357241868973,10,11
"4203","User #25299","Timepoint 43",5.7864456474781,10,11
"4204","User #25299","Timepoint 44",7.73427575826645,10,11
"4205","User #25299","Timepoint 45",8.35962975025177,10,11
"4206","User #25299","Timepoint 46",7.0691927075386,10,11
"4207","User #25299","Timepoint 47",7.17599076032639,10,11
"4208","User #25299","Timepoint 48",6.58826181292534,10,11
"4209","User #25299","Timepoint 49",7.09955215454102,10,11
"4210","User #25299","Timepoint 50",8.15862441062927,10,11
"4211","User #25299","Timepoint 51",9.25704574584961,10,11
"4212","User #25299","Timepoint 52",8.54682207107544,10,11
"4213","User #25299","Timepoint 53",7.66327345371246,10,11
"4214","User #25299","Timepoint 54",8.65123844146729,10,11
"4215","User #25299","Timepoint 55",8.60025668144226,10,11
"4216","User #25299","Timepoint 56",8.80624842643738,10,11
"4217","User #25299","Timepoint 57",8.34179973602295,10,11
"4218","User #25299","Timepoint 58",6.94554430246353,10,11
"4219","User #25299","Timepoint 59",9.21089267730713,10,11
"4220","User #25299","Timepoint 60",8.82879614830017,10,11
"4221","User #25299","Timepoint 61",7.47098362445831,10,11
"4222","User #25299","Timepoint 62",8.13997507095337,10,11
"4223","User #25299","Timepoint 63",8.66546893119812,10,11
"4224","User #25299","Timepoint 64",7.93167269229889,10,11
"4225","User #25370","Timepoint 1",0,10,11
"4226","User #25370","Timepoint 2",0,10,11
"4227","User #25370","Timepoint 3",0,10,11
"4228","User #25370","Timepoint 4",0,10,11
"4229","User #25370","Timepoint 5",0,10,11
"4230","User #25370","Timepoint 6",0,10,11
"4231","User #25370","Timepoint 7",0,10,11
"4232","User #25370","Timepoint 8",0,10,11
"4233","User #25370","Timepoint 9",0,10,11
"4234","User #25370","Timepoint 10",0,10,11
"4235","User #25370","Timepoint 11",0,10,11
"4236","User #25370","Timepoint 12",0,10,11
"4237","User #25370","Timepoint 13",0,10,11
"4238","User #25370","Timepoint 14",0,10,11
"4239","User #25370","Timepoint 15",0,10,11
"4240","User #25370","Timepoint 16",0,10,11
"4241","User #25370","Timepoint 17",9.04734182357788,10,11
"4242","User #25370","Timepoint 18",10.0179500579834,10,11
"4243","User #25370","Timepoint 19",10.0461845397949,10,11
"4244","User #25370","Timepoint 20",6.96116590499878,10,11
"4245","User #25370","Timepoint 21",7.32644629478455,10,11
"4246","User #25370","Timepoint 22",9.9709267616272,10,11
"4247","User #25370","Timepoint 23",9.29425477981567,10,11
"4248","User #25370","Timepoint 24",8.03831124305725,10,11
"4249","User #25370","Timepoint 25",8.41070508956909,10,11
"4250","User #25370","Timepoint 26",6.219611287117,10,11
"4251","User #25370","Timepoint 27",7.03725910186768,10,11
"4252","User #25370","Timepoint 28",9.42692756652832,10,11
"4253","User #25370","Timepoint 29",8.13705372810364,10,11
"4254","User #25370","Timepoint 30",6.69582581520081,10,11
"4255","User #25370","Timepoint 31",8.16396498680115,10,11
"4256","User #25370","Timepoint 32",9.29500150680542,10,11
"4257","User #25370","Timepoint 33",7.14556193351746,10,11
"4258","User #25370","Timepoint 34",9.30762243270874,10,11
"4259","User #25370","Timepoint 35",9.37674236297607,10,11
"4260","User #25370","Timepoint 36",6.83469009399414,10,11
"4261","User #25370","Timepoint 37",7.80694198608398,10,11
"4262","User #25370","Timepoint 38",9.32041263580322,10,11
"4263","User #25370","Timepoint 39",6.85687589645386,10,11
"4264","User #25370","Timepoint 40",7.78863620758057,10,11
"4265","User #25370","Timepoint 41",8.07449436187744,10,11
"4266","User #25370","Timepoint 42",9.1698317527771,10,11
"4267","User #25370","Timepoint 43",8.62519407272339,10,11
"4268","User #25370","Timepoint 44",9.08593130111694,10,11
"4269","User #25370","Timepoint 45",8.17786240577698,10,11
"4270","User #25370","Timepoint 46",7.31142997741699,10,11
"4271","User #25370","Timepoint 47",7.8056435585022,10,11
"4272","User #25370","Timepoint 48",8.17236256599426,10,11
"4273","User #25370","Timepoint 49",7.96643969416618,10,11
"4274","User #25370","Timepoint 50",8.37077796459198,10,11
"4275","User #25370","Timepoint 51",8.53746008872986,10,11
"4276","User #25370","Timepoint 52",8.10935914516449,10,11
"4277","User #25370","Timepoint 53",7.90647792816162,10,11
"4278","User #25370","Timepoint 54",8.19433045387268,10,11
"4279","User #25370","Timepoint 55",7.90408700704575,10,11
"4280","User #25370","Timepoint 56",8.02054190635681,10,11
"4281","User #25370","Timepoint 57",9.12768840789795,10,11
"4282","User #25370","Timepoint 58",7.28434638679028,10,11
"4283","User #25370","Timepoint 59",7.73842756450176,10,11
"4284","User #25370","Timepoint 60",8.34588366746902,10,11
"4285","User #25370","Timepoint 61",7.9304221868515,10,11
"4286","User #25370","Timepoint 62",7.67494258284569,10,11
"4287","User #25370","Timepoint 63",7.74198976159096,10,11
"4288","User #25370","Timepoint 64",8.06577271223068,10,11
"4289","User #25301","Timepoint 1",0,10,11
"4290","User #25301","Timepoint 2",0,10,11
"4291","User #25301","Timepoint 3",0,10,11
"4292","User #25301","Timepoint 4",0,10,11
"4293","User #25301","Timepoint 5",0,10,11
"4294","User #25301","Timepoint 6",0,10,11
"4295","User #25301","Timepoint 7",0,10,11
"4296","User #25301","Timepoint 8",0,10,11
"4297","User #25301","Timepoint 9",0,10,11
"4298","User #25301","Timepoint 10",0,10,11
"4299","User #25301","Timepoint 11",0,10,11
"4300","User #25301","Timepoint 12",0,10,11
"4301","User #25301","Timepoint 13",0,10,11
"4302","User #25301","Timepoint 14",0,10,11
"4303","User #25301","Timepoint 15",0,10,11
"4304","User #25301","Timepoint 16",0,10,11
"4305","User #25301","Timepoint 17",7.90559124946594,10,11
"4306","User #25301","Timepoint 18",7.57901585102081,10,11
"4307","User #25301","Timepoint 19",7.69169402122498,10,11
"4308","User #25301","Timepoint 20",8.29565846920013,10,11
"4309","User #25301","Timepoint 21",6.87296849489212,10,11
"4310","User #25301","Timepoint 22",4.42143611609936,10,11
"4311","User #25301","Timepoint 23",7.90493446588516,10,11
"4312","User #25301","Timepoint 24",5.2655448615551,10,11
"4313","User #25301","Timepoint 25",7.12375861406326,10,11
"4314","User #25301","Timepoint 26",7.78973233699799,10,11
"4315","User #25301","Timepoint 27",8.57563030719757,10,11
"4316","User #25301","Timepoint 28",7.49058431386948,10,11
"4317","User #25301","Timepoint 29",8.50350570678711,10,11
"4318","User #25301","Timepoint 30",9.27280044555664,10,11
"4319","User #25301","Timepoint 31",8.44540297985077,10,11
"4320","User #25301","Timepoint 32",10.0499973297119,10,11
"4321","User #25301","Timepoint 33",7.80529129505157,10,11
"4322","User #25301","Timepoint 34",8.20901560783386,10,11
"4323","User #25301","Timepoint 35",9.24713134765625,10,11
"4324","User #25301","Timepoint 36",11.4398679733276,10,11
"4325","User #25301","Timepoint 37",6.74448585510254,10,11
"4326","User #25301","Timepoint 38",7.06600672006607,10,11
"4327","User #25301","Timepoint 39",6.37440592050552,10,11
"4328","User #25301","Timepoint 40",6.82190442085266,10,11
"4329","User #25301","Timepoint 41",7.0690084695816,10,11
"4330","User #25301","Timepoint 42",6.53219294548035,10,11
"4331","User #25301","Timepoint 43",5.03455963730812,10,11
"4332","User #25301","Timepoint 44",9.44950079917908,10,11
"4333","User #25301","Timepoint 45",8.3158905506134,10,11
"4334","User #25301","Timepoint 46",8.43046164512634,10,11
"4335","User #25301","Timepoint 47",8.25340330600739,10,11
"4336","User #25301","Timepoint 48",7.57353109121323,10,11
"4337","User #25301","Timepoint 49",7.1244558095932,10,11
"4338","User #25301","Timepoint 50",8.03108751773834,10,11
"4339","User #25301","Timepoint 51",10.0319185256958,10,11
"4340","User #25301","Timepoint 52",7.92235058546066,10,11
"4341","User #25301","Timepoint 53",6.79338717460632,10,11
"4342","User #25301","Timepoint 54",9.34505808353424,10,11
"4343","User #25301","Timepoint 55",9.33752501010895,10,11
"4344","User #25301","Timepoint 56",8.3392082452774,10,11
"4345","User #25301","Timepoint 57",6.9513937830925,10,11
"4346","User #25301","Timepoint 58",9.11996710300446,10,11
"4347","User #25301","Timepoint 59",10.3845574855804,10,11
"4348","User #25301","Timepoint 60",8.97629725933075,10,11
"4349","User #25301","Timepoint 61",7.39298516511917,10,11
"4350","User #25301","Timepoint 62",8.05053424835205,10,11
"4351","User #25301","Timepoint 63",6.8046333193779,10,11
"4352","User #25301","Timepoint 64",7.60249805450439,10,11
"4353","User #25335","Timepoint 1",0,10,11
"4354","User #25335","Timepoint 2",0,10,11
"4355","User #25335","Timepoint 3",0,10,11
"4356","User #25335","Timepoint 4",0,10,11
"4357","User #25335","Timepoint 5",0,10,11
"4358","User #25335","Timepoint 6",0,10,11
"4359","User #25335","Timepoint 7",0,10,11
"4360","User #25335","Timepoint 8",0,10,11
"4361","User #25335","Timepoint 9",0,10,11
"4362","User #25335","Timepoint 10",0,10,11
"4363","User #25335","Timepoint 11",0,10,11
"4364","User #25335","Timepoint 12",0,10,11
"4365","User #25335","Timepoint 13",0,10,11
"4366","User #25335","Timepoint 14",0,10,11
"4367","User #25335","Timepoint 15",0,10,11
"4368","User #25335","Timepoint 16",0,10,11
"4369","User #25335","Timepoint 17",8.92631912231445,10,11
"4370","User #25335","Timepoint 18",10.9385230541229,10,11
"4371","User #25335","Timepoint 19",8.59877324104309,10,11
"4372","User #25335","Timepoint 20",12.2559789419174,10,11
"4373","User #25335","Timepoint 21",13.2416461110115,10,11
"4374","User #25335","Timepoint 22",7.89534404873848,10,11
"4375","User #25335","Timepoint 23",10.8414914608002,10,11
"4376","User #25335","Timepoint 24",11.5541366934776,10,11
"4377","User #25335","Timepoint 25",10.5656331777573,10,11
"4378","User #25335","Timepoint 26",13.8677965402603,10,11
"4379","User #25335","Timepoint 27",8.10566417872906,10,11
"4380","User #25335","Timepoint 28",8.34032242000103,10,11
"4381","User #25335","Timepoint 29",9.41693803668022,10,11
"4382","User #25335","Timepoint 30",7.57608038932085,10,11
"4383","User #25335","Timepoint 31",8.5097648203373,10,11
"4384","User #25335","Timepoint 32",10.6497134566307,10,11
"4385","User #25335","Timepoint 33",12.3562390804291,10,11
"4386","User #25335","Timepoint 34",9.36100196838379,10,11
"4387","User #25335","Timepoint 35",7.45960623025894,10,11
"4388","User #25335","Timepoint 36",10.8475229740143,10,11
"4389","User #25335","Timepoint 37",8.94170394539833,10,11
"4390","User #25335","Timepoint 38",8.83165991306305,10,11
"4391","User #25335","Timepoint 39",9.86806651949883,10,11
"4392","User #25335","Timepoint 40",10.0068774819374,10,11
"4393","User #25335","Timepoint 41",8.34328831732273,10,11
"4394","User #25335","Timepoint 42",7.33082616329193,10,11
"4395","User #25335","Timepoint 43",10.7985770106316,10,11
"4396","User #25335","Timepoint 44",11.2053511738777,10,11
"4397","User #25335","Timepoint 45",8.84721809625626,10,11
"4398","User #25335","Timepoint 46",8.93497794866562,10,11
"4399","User #25335","Timepoint 47",10.7957656979561,10,11
"4400","User #25335","Timepoint 48",10.199435710907,10,11
"4401","User #25335","Timepoint 49",11.206608235836,10,11
"4402","User #25335","Timepoint 50",8.60133272409439,10,11
"4403","User #25335","Timepoint 51",9.90042459964752,10,11
"4404","User #25335","Timepoint 52",9.88033962249756,10,11
"4405","User #25335","Timepoint 53",10.0253723263741,10,11
"4406","User #25335","Timepoint 54",9.51034170389175,10,11
"4407","User #25335","Timepoint 55",11.6855941414833,10,11
"4408","User #25335","Timepoint 56",12.2208095788956,10,11
"4409","User #25335","Timepoint 57",9.08052724599838,10,11
"4410","User #25335","Timepoint 58",8.57466217875481,10,11
"4411","User #25335","Timepoint 59",10.007128238678,10,11
"4412","User #25335","Timepoint 60",9.63074606657028,10,11
"4413","User #25335","Timepoint 61",9.41911426186562,10,11
"4414","User #25335","Timepoint 62",7.46256598085165,10,11
"4415","User #25335","Timepoint 63",9.43228152394295,10,11
"4416","User #25335","Timepoint 64",10.1538531184196,10,11
