"","ID","Timepoint","Prediction","Bootstrap","Jackknife"
"1","User #25306","Timepoint 1",0,53,55
"2","User #25306","Timepoint 2",0,53,55
"3","User #25306","Timepoint 3",0,53,55
"4","User #25306","Timepoint 4",0,53,55
"5","User #25306","Timepoint 5",0,53,55
"6","User #25306","Timepoint 6",0,53,55
"7","User #25306","Timepoint 7",0,53,55
"8","User #25306","Timepoint 8",0,53,55
"9","User #25306","Timepoint 9",0,53,55
"10","User #25306","Timepoint 10",0,53,55
"11","User #25306","Timepoint 11",0,53,55
"12","User #25306","Timepoint 12",0,53,55
"13","User #25306","Timepoint 13",0,53,55
"14","User #25306","Timepoint 14",0,53,55
"15","User #25306","Timepoint 15",0,53,55
"16","User #25306","Timepoint 16",0,53,55
"17","User #25306","Timepoint 17",NA,53,55
"18","User #25306","Timepoint 18",NA,53,55
"19","User #25306","Timepoint 19",NA,53,55
"20","User #25306","Timepoint 20",NA,53,55
"21","User #25306","Timepoint 21",NA,53,55
"22","User #25306","Timepoint 22",NA,53,55
"23","User #25306","Timepoint 23",NA,53,55
"24","User #25306","Timepoint 24",NA,53,55
"25","User #25306","Timepoint 25",NA,53,55
"26","User #25306","Timepoint 26",NA,53,55
"27","User #25306","Timepoint 27",NA,53,55
"28","User #25306","Timepoint 28",NA,53,55
"29","User #25306","Timepoint 29",NA,53,55
"30","User #25306","Timepoint 30",NA,53,55
"31","User #25306","Timepoint 31",NA,53,55
"32","User #25306","Timepoint 32",NA,53,55
"33","User #25306","Timepoint 33",NA,53,55
"34","User #25306","Timepoint 34",NA,53,55
"35","User #25306","Timepoint 35",NA,53,55
"36","User #25306","Timepoint 36",NA,53,55
"37","User #25306","Timepoint 37",NA,53,55
"38","User #25306","Timepoint 38",NA,53,55
"39","User #25306","Timepoint 39",NA,53,55
"40","User #25306","Timepoint 40",NA,53,55
"41","User #25306","Timepoint 41",NA,53,55
"42","User #25306","Timepoint 42",NA,53,55
"43","User #25306","Timepoint 43",NA,53,55
"44","User #25306","Timepoint 44",NA,53,55
"45","User #25306","Timepoint 45",NA,53,55
"46","User #25306","Timepoint 46",NA,53,55
"47","User #25306","Timepoint 47",NA,53,55
"48","User #25306","Timepoint 48",NA,53,55
"49","User #25306","Timepoint 49",NA,53,55
"50","User #25306","Timepoint 50",NA,53,55
"51","User #25306","Timepoint 51",NA,53,55
"52","User #25306","Timepoint 52",NA,53,55
"53","User #25306","Timepoint 53",NA,53,55
"54","User #25306","Timepoint 54",NA,53,55
"55","User #25306","Timepoint 55",NA,53,55
"56","User #25306","Timepoint 56",NA,53,55
"57","User #25306","Timepoint 57",NA,53,55
"58","User #25306","Timepoint 58",NA,53,55
"59","User #25306","Timepoint 59",NA,53,55
"60","User #25306","Timepoint 60",NA,53,55
"61","User #25306","Timepoint 61",NA,53,55
"62","User #25306","Timepoint 62",NA,53,55
"63","User #25306","Timepoint 63",NA,53,55
"64","User #25306","Timepoint 64",NA,53,55
"65","User #25298","Timepoint 1",0,53,55
"66","User #25298","Timepoint 2",0,53,55
"67","User #25298","Timepoint 3",0,53,55
"68","User #25298","Timepoint 4",0,53,55
"69","User #25298","Timepoint 5",0,53,55
"70","User #25298","Timepoint 6",0,53,55
"71","User #25298","Timepoint 7",0,53,55
"72","User #25298","Timepoint 8",0,53,55
"73","User #25298","Timepoint 9",0,53,55
"74","User #25298","Timepoint 10",0,53,55
"75","User #25298","Timepoint 11",0,53,55
"76","User #25298","Timepoint 12",0,53,55
"77","User #25298","Timepoint 13",0,53,55
"78","User #25298","Timepoint 14",0,53,55
"79","User #25298","Timepoint 15",0,53,55
"80","User #25298","Timepoint 16",0,53,55
"81","User #25298","Timepoint 17",NA,53,55
"82","User #25298","Timepoint 18",NA,53,55
"83","User #25298","Timepoint 19",NA,53,55
"84","User #25298","Timepoint 20",NA,53,55
"85","User #25298","Timepoint 21",NA,53,55
"86","User #25298","Timepoint 22",NA,53,55
"87","User #25298","Timepoint 23",NA,53,55
"88","User #25298","Timepoint 24",NA,53,55
"89","User #25298","Timepoint 25",NA,53,55
"90","User #25298","Timepoint 26",NA,53,55
"91","User #25298","Timepoint 27",NA,53,55
"92","User #25298","Timepoint 28",NA,53,55
"93","User #25298","Timepoint 29",NA,53,55
"94","User #25298","Timepoint 30",NA,53,55
"95","User #25298","Timepoint 31",NA,53,55
"96","User #25298","Timepoint 32",NA,53,55
"97","User #25298","Timepoint 33",NA,53,55
"98","User #25298","Timepoint 34",NA,53,55
"99","User #25298","Timepoint 35",NA,53,55
"100","User #25298","Timepoint 36",NA,53,55
"101","User #25298","Timepoint 37",NA,53,55
"102","User #25298","Timepoint 38",NA,53,55
"103","User #25298","Timepoint 39",NA,53,55
"104","User #25298","Timepoint 40",NA,53,55
"105","User #25298","Timepoint 41",NA,53,55
"106","User #25298","Timepoint 42",NA,53,55
"107","User #25298","Timepoint 43",NA,53,55
"108","User #25298","Timepoint 44",NA,53,55
"109","User #25298","Timepoint 45",NA,53,55
"110","User #25298","Timepoint 46",NA,53,55
"111","User #25298","Timepoint 47",NA,53,55
"112","User #25298","Timepoint 48",NA,53,55
"113","User #25298","Timepoint 49",NA,53,55
"114","User #25298","Timepoint 50",NA,53,55
"115","User #25298","Timepoint 51",NA,53,55
"116","User #25298","Timepoint 52",NA,53,55
"117","User #25298","Timepoint 53",NA,53,55
"118","User #25298","Timepoint 54",NA,53,55
"119","User #25298","Timepoint 55",NA,53,55
"120","User #25298","Timepoint 56",NA,53,55
"121","User #25298","Timepoint 57",NA,53,55
"122","User #25298","Timepoint 58",NA,53,55
"123","User #25298","Timepoint 59",NA,53,55
"124","User #25298","Timepoint 60",NA,53,55
"125","User #25298","Timepoint 61",NA,53,55
"126","User #25298","Timepoint 62",NA,53,55
"127","User #25298","Timepoint 63",NA,53,55
"128","User #25298","Timepoint 64",NA,53,55
"129","User #25334","Timepoint 1",0,53,55
"130","User #25334","Timepoint 2",0,53,55
"131","User #25334","Timepoint 3",0,53,55
"132","User #25334","Timepoint 4",0,53,55
"133","User #25334","Timepoint 5",0,53,55
"134","User #25334","Timepoint 6",0,53,55
"135","User #25334","Timepoint 7",0,53,55
"136","User #25334","Timepoint 8",0,53,55
"137","User #25334","Timepoint 9",0,53,55
"138","User #25334","Timepoint 10",0,53,55
"139","User #25334","Timepoint 11",0,53,55
"140","User #25334","Timepoint 12",0,53,55
"141","User #25334","Timepoint 13",0,53,55
"142","User #25334","Timepoint 14",0,53,55
"143","User #25334","Timepoint 15",0,53,55
"144","User #25334","Timepoint 16",0,53,55
"145","User #25334","Timepoint 17",NA,53,55
"146","User #25334","Timepoint 18",NA,53,55
"147","User #25334","Timepoint 19",NA,53,55
"148","User #25334","Timepoint 20",NA,53,55
"149","User #25334","Timepoint 21",NA,53,55
"150","User #25334","Timepoint 22",NA,53,55
"151","User #25334","Timepoint 23",NA,53,55
"152","User #25334","Timepoint 24",NA,53,55
"153","User #25334","Timepoint 25",NA,53,55
"154","User #25334","Timepoint 26",NA,53,55
"155","User #25334","Timepoint 27",NA,53,55
"156","User #25334","Timepoint 28",NA,53,55
"157","User #25334","Timepoint 29",NA,53,55
"158","User #25334","Timepoint 30",NA,53,55
"159","User #25334","Timepoint 31",NA,53,55
"160","User #25334","Timepoint 32",NA,53,55
"161","User #25334","Timepoint 33",NA,53,55
"162","User #25334","Timepoint 34",NA,53,55
"163","User #25334","Timepoint 35",NA,53,55
"164","User #25334","Timepoint 36",NA,53,55
"165","User #25334","Timepoint 37",NA,53,55
"166","User #25334","Timepoint 38",NA,53,55
"167","User #25334","Timepoint 39",NA,53,55
"168","User #25334","Timepoint 40",NA,53,55
"169","User #25334","Timepoint 41",NA,53,55
"170","User #25334","Timepoint 42",NA,53,55
"171","User #25334","Timepoint 43",NA,53,55
"172","User #25334","Timepoint 44",NA,53,55
"173","User #25334","Timepoint 45",NA,53,55
"174","User #25334","Timepoint 46",NA,53,55
"175","User #25334","Timepoint 47",NA,53,55
"176","User #25334","Timepoint 48",NA,53,55
"177","User #25334","Timepoint 49",NA,53,55
"178","User #25334","Timepoint 50",NA,53,55
"179","User #25334","Timepoint 51",NA,53,55
"180","User #25334","Timepoint 52",NA,53,55
"181","User #25334","Timepoint 53",NA,53,55
"182","User #25334","Timepoint 54",NA,53,55
"183","User #25334","Timepoint 55",NA,53,55
"184","User #25334","Timepoint 56",NA,53,55
"185","User #25334","Timepoint 57",NA,53,55
"186","User #25334","Timepoint 58",NA,53,55
"187","User #25334","Timepoint 59",NA,53,55
"188","User #25334","Timepoint 60",NA,53,55
"189","User #25334","Timepoint 61",NA,53,55
"190","User #25334","Timepoint 62",NA,53,55
"191","User #25334","Timepoint 63",NA,53,55
"192","User #25334","Timepoint 64",NA,53,55
"193","User #25299","Timepoint 1",0,53,55
"194","User #25299","Timepoint 2",0,53,55
"195","User #25299","Timepoint 3",0,53,55
"196","User #25299","Timepoint 4",0,53,55
"197","User #25299","Timepoint 5",0,53,55
"198","User #25299","Timepoint 6",0,53,55
"199","User #25299","Timepoint 7",0,53,55
"200","User #25299","Timepoint 8",0,53,55
"201","User #25299","Timepoint 9",0,53,55
"202","User #25299","Timepoint 10",0,53,55
"203","User #25299","Timepoint 11",0,53,55
"204","User #25299","Timepoint 12",0,53,55
"205","User #25299","Timepoint 13",0,53,55
"206","User #25299","Timepoint 14",0,53,55
"207","User #25299","Timepoint 15",0,53,55
"208","User #25299","Timepoint 16",0,53,55
"209","User #25299","Timepoint 17",NA,53,55
"210","User #25299","Timepoint 18",NA,53,55
"211","User #25299","Timepoint 19",NA,53,55
"212","User #25299","Timepoint 20",NA,53,55
"213","User #25299","Timepoint 21",NA,53,55
"214","User #25299","Timepoint 22",NA,53,55
"215","User #25299","Timepoint 23",NA,53,55
"216","User #25299","Timepoint 24",NA,53,55
"217","User #25299","Timepoint 25",NA,53,55
"218","User #25299","Timepoint 26",NA,53,55
"219","User #25299","Timepoint 27",NA,53,55
"220","User #25299","Timepoint 28",NA,53,55
"221","User #25299","Timepoint 29",NA,53,55
"222","User #25299","Timepoint 30",NA,53,55
"223","User #25299","Timepoint 31",NA,53,55
"224","User #25299","Timepoint 32",NA,53,55
"225","User #25299","Timepoint 33",NA,53,55
"226","User #25299","Timepoint 34",NA,53,55
"227","User #25299","Timepoint 35",NA,53,55
"228","User #25299","Timepoint 36",NA,53,55
"229","User #25299","Timepoint 37",NA,53,55
"230","User #25299","Timepoint 38",NA,53,55
"231","User #25299","Timepoint 39",NA,53,55
"232","User #25299","Timepoint 40",NA,53,55
"233","User #25299","Timepoint 41",NA,53,55
"234","User #25299","Timepoint 42",NA,53,55
"235","User #25299","Timepoint 43",NA,53,55
"236","User #25299","Timepoint 44",NA,53,55
"237","User #25299","Timepoint 45",NA,53,55
"238","User #25299","Timepoint 46",NA,53,55
"239","User #25299","Timepoint 47",NA,53,55
"240","User #25299","Timepoint 48",NA,53,55
"241","User #25299","Timepoint 49",NA,53,55
"242","User #25299","Timepoint 50",NA,53,55
"243","User #25299","Timepoint 51",NA,53,55
"244","User #25299","Timepoint 52",NA,53,55
"245","User #25299","Timepoint 53",NA,53,55
"246","User #25299","Timepoint 54",NA,53,55
"247","User #25299","Timepoint 55",NA,53,55
"248","User #25299","Timepoint 56",NA,53,55
"249","User #25299","Timepoint 57",NA,53,55
"250","User #25299","Timepoint 58",NA,53,55
"251","User #25299","Timepoint 59",NA,53,55
"252","User #25299","Timepoint 60",NA,53,55
"253","User #25299","Timepoint 61",NA,53,55
"254","User #25299","Timepoint 62",NA,53,55
"255","User #25299","Timepoint 63",NA,53,55
"256","User #25299","Timepoint 64",NA,53,55
"257","User #25323","Timepoint 1",0,53,55
"258","User #25323","Timepoint 2",0,53,55
"259","User #25323","Timepoint 3",0,53,55
"260","User #25323","Timepoint 4",0,53,55
"261","User #25323","Timepoint 5",0,53,55
"262","User #25323","Timepoint 6",0,53,55
"263","User #25323","Timepoint 7",0,53,55
"264","User #25323","Timepoint 8",0,53,55
"265","User #25323","Timepoint 9",0,53,55
"266","User #25323","Timepoint 10",0,53,55
"267","User #25323","Timepoint 11",0,53,55
"268","User #25323","Timepoint 12",0,53,55
"269","User #25323","Timepoint 13",0,53,55
"270","User #25323","Timepoint 14",0,53,55
"271","User #25323","Timepoint 15",0,53,55
"272","User #25323","Timepoint 16",0,53,55
"273","User #25323","Timepoint 17",NA,53,55
"274","User #25323","Timepoint 18",NA,53,55
"275","User #25323","Timepoint 19",NA,53,55
"276","User #25323","Timepoint 20",NA,53,55
"277","User #25323","Timepoint 21",NA,53,55
"278","User #25323","Timepoint 22",NA,53,55
"279","User #25323","Timepoint 23",NA,53,55
"280","User #25323","Timepoint 24",NA,53,55
"281","User #25323","Timepoint 25",NA,53,55
"282","User #25323","Timepoint 26",NA,53,55
"283","User #25323","Timepoint 27",NA,53,55
"284","User #25323","Timepoint 28",NA,53,55
"285","User #25323","Timepoint 29",NA,53,55
"286","User #25323","Timepoint 30",NA,53,55
"287","User #25323","Timepoint 31",NA,53,55
"288","User #25323","Timepoint 32",NA,53,55
"289","User #25323","Timepoint 33",NA,53,55
"290","User #25323","Timepoint 34",NA,53,55
"291","User #25323","Timepoint 35",NA,53,55
"292","User #25323","Timepoint 36",NA,53,55
"293","User #25323","Timepoint 37",NA,53,55
"294","User #25323","Timepoint 38",NA,53,55
"295","User #25323","Timepoint 39",NA,53,55
"296","User #25323","Timepoint 40",NA,53,55
"297","User #25323","Timepoint 41",NA,53,55
"298","User #25323","Timepoint 42",NA,53,55
"299","User #25323","Timepoint 43",NA,53,55
"300","User #25323","Timepoint 44",NA,53,55
"301","User #25323","Timepoint 45",NA,53,55
"302","User #25323","Timepoint 46",NA,53,55
"303","User #25323","Timepoint 47",NA,53,55
"304","User #25323","Timepoint 48",NA,53,55
"305","User #25323","Timepoint 49",NA,53,55
"306","User #25323","Timepoint 50",NA,53,55
"307","User #25323","Timepoint 51",NA,53,55
"308","User #25323","Timepoint 52",NA,53,55
"309","User #25323","Timepoint 53",NA,53,55
"310","User #25323","Timepoint 54",NA,53,55
"311","User #25323","Timepoint 55",NA,53,55
"312","User #25323","Timepoint 56",NA,53,55
"313","User #25323","Timepoint 57",NA,53,55
"314","User #25323","Timepoint 58",NA,53,55
"315","User #25323","Timepoint 59",NA,53,55
"316","User #25323","Timepoint 60",NA,53,55
"317","User #25323","Timepoint 61",NA,53,55
"318","User #25323","Timepoint 62",NA,53,55
"319","User #25323","Timepoint 63",NA,53,55
"320","User #25323","Timepoint 64",NA,53,55
"321","User #25328","Timepoint 1",0,53,55
"322","User #25328","Timepoint 2",0,53,55
"323","User #25328","Timepoint 3",0,53,55
"324","User #25328","Timepoint 4",0,53,55
"325","User #25328","Timepoint 5",0,53,55
"326","User #25328","Timepoint 6",0,53,55
"327","User #25328","Timepoint 7",0,53,55
"328","User #25328","Timepoint 8",0,53,55
"329","User #25328","Timepoint 9",0,53,55
"330","User #25328","Timepoint 10",0,53,55
"331","User #25328","Timepoint 11",0,53,55
"332","User #25328","Timepoint 12",0,53,55
"333","User #25328","Timepoint 13",0,53,55
"334","User #25328","Timepoint 14",0,53,55
"335","User #25328","Timepoint 15",0,53,55
"336","User #25328","Timepoint 16",0,53,55
"337","User #25328","Timepoint 17",NA,53,55
"338","User #25328","Timepoint 18",NA,53,55
"339","User #25328","Timepoint 19",NA,53,55
"340","User #25328","Timepoint 20",NA,53,55
"341","User #25328","Timepoint 21",NA,53,55
"342","User #25328","Timepoint 22",NA,53,55
"343","User #25328","Timepoint 23",NA,53,55
"344","User #25328","Timepoint 24",NA,53,55
"345","User #25328","Timepoint 25",NA,53,55
"346","User #25328","Timepoint 26",NA,53,55
"347","User #25328","Timepoint 27",NA,53,55
"348","User #25328","Timepoint 28",NA,53,55
"349","User #25328","Timepoint 29",NA,53,55
"350","User #25328","Timepoint 30",NA,53,55
"351","User #25328","Timepoint 31",NA,53,55
"352","User #25328","Timepoint 32",NA,53,55
"353","User #25328","Timepoint 33",NA,53,55
"354","User #25328","Timepoint 34",NA,53,55
"355","User #25328","Timepoint 35",NA,53,55
"356","User #25328","Timepoint 36",NA,53,55
"357","User #25328","Timepoint 37",NA,53,55
"358","User #25328","Timepoint 38",NA,53,55
"359","User #25328","Timepoint 39",NA,53,55
"360","User #25328","Timepoint 40",NA,53,55
"361","User #25328","Timepoint 41",NA,53,55
"362","User #25328","Timepoint 42",NA,53,55
"363","User #25328","Timepoint 43",NA,53,55
"364","User #25328","Timepoint 44",NA,53,55
"365","User #25328","Timepoint 45",NA,53,55
"366","User #25328","Timepoint 46",NA,53,55
"367","User #25328","Timepoint 47",NA,53,55
"368","User #25328","Timepoint 48",NA,53,55
"369","User #25328","Timepoint 49",NA,53,55
"370","User #25328","Timepoint 50",NA,53,55
"371","User #25328","Timepoint 51",NA,53,55
"372","User #25328","Timepoint 52",NA,53,55
"373","User #25328","Timepoint 53",NA,53,55
"374","User #25328","Timepoint 54",NA,53,55
"375","User #25328","Timepoint 55",NA,53,55
"376","User #25328","Timepoint 56",NA,53,55
"377","User #25328","Timepoint 57",NA,53,55
"378","User #25328","Timepoint 58",NA,53,55
"379","User #25328","Timepoint 59",NA,53,55
"380","User #25328","Timepoint 60",NA,53,55
"381","User #25328","Timepoint 61",NA,53,55
"382","User #25328","Timepoint 62",NA,53,55
"383","User #25328","Timepoint 63",NA,53,55
"384","User #25328","Timepoint 64",NA,53,55
"385","User #25297","Timepoint 1",0,53,55
"386","User #25297","Timepoint 2",0,53,55
"387","User #25297","Timepoint 3",0,53,55
"388","User #25297","Timepoint 4",0,53,55
"389","User #25297","Timepoint 5",0,53,55
"390","User #25297","Timepoint 6",0,53,55
"391","User #25297","Timepoint 7",0,53,55
"392","User #25297","Timepoint 8",0,53,55
"393","User #25297","Timepoint 9",0,53,55
"394","User #25297","Timepoint 10",0,53,55
"395","User #25297","Timepoint 11",0,53,55
"396","User #25297","Timepoint 12",0,53,55
"397","User #25297","Timepoint 13",0,53,55
"398","User #25297","Timepoint 14",0,53,55
"399","User #25297","Timepoint 15",0,53,55
"400","User #25297","Timepoint 16",0,53,55
"401","User #25297","Timepoint 17",NA,53,55
"402","User #25297","Timepoint 18",NA,53,55
"403","User #25297","Timepoint 19",NA,53,55
"404","User #25297","Timepoint 20",NA,53,55
"405","User #25297","Timepoint 21",NA,53,55
"406","User #25297","Timepoint 22",NA,53,55
"407","User #25297","Timepoint 23",NA,53,55
"408","User #25297","Timepoint 24",NA,53,55
"409","User #25297","Timepoint 25",NA,53,55
"410","User #25297","Timepoint 26",NA,53,55
"411","User #25297","Timepoint 27",NA,53,55
"412","User #25297","Timepoint 28",NA,53,55
"413","User #25297","Timepoint 29",NA,53,55
"414","User #25297","Timepoint 30",NA,53,55
"415","User #25297","Timepoint 31",NA,53,55
"416","User #25297","Timepoint 32",NA,53,55
"417","User #25297","Timepoint 33",NA,53,55
"418","User #25297","Timepoint 34",NA,53,55
"419","User #25297","Timepoint 35",NA,53,55
"420","User #25297","Timepoint 36",NA,53,55
"421","User #25297","Timepoint 37",NA,53,55
"422","User #25297","Timepoint 38",NA,53,55
"423","User #25297","Timepoint 39",NA,53,55
"424","User #25297","Timepoint 40",NA,53,55
"425","User #25297","Timepoint 41",NA,53,55
"426","User #25297","Timepoint 42",NA,53,55
"427","User #25297","Timepoint 43",NA,53,55
"428","User #25297","Timepoint 44",NA,53,55
"429","User #25297","Timepoint 45",NA,53,55
"430","User #25297","Timepoint 46",NA,53,55
"431","User #25297","Timepoint 47",NA,53,55
"432","User #25297","Timepoint 48",NA,53,55
"433","User #25297","Timepoint 49",NA,53,55
"434","User #25297","Timepoint 50",NA,53,55
"435","User #25297","Timepoint 51",NA,53,55
"436","User #25297","Timepoint 52",NA,53,55
"437","User #25297","Timepoint 53",NA,53,55
"438","User #25297","Timepoint 54",NA,53,55
"439","User #25297","Timepoint 55",NA,53,55
"440","User #25297","Timepoint 56",NA,53,55
"441","User #25297","Timepoint 57",NA,53,55
"442","User #25297","Timepoint 58",NA,53,55
"443","User #25297","Timepoint 59",NA,53,55
"444","User #25297","Timepoint 60",NA,53,55
"445","User #25297","Timepoint 61",NA,53,55
"446","User #25297","Timepoint 62",NA,53,55
"447","User #25297","Timepoint 63",NA,53,55
"448","User #25297","Timepoint 64",NA,53,55
"449","User #25391","Timepoint 1",0,53,55
"450","User #25391","Timepoint 2",0,53,55
"451","User #25391","Timepoint 3",0,53,55
"452","User #25391","Timepoint 4",0,53,55
"453","User #25391","Timepoint 5",0,53,55
"454","User #25391","Timepoint 6",0,53,55
"455","User #25391","Timepoint 7",0,53,55
"456","User #25391","Timepoint 8",0,53,55
"457","User #25391","Timepoint 9",0,53,55
"458","User #25391","Timepoint 10",0,53,55
"459","User #25391","Timepoint 11",0,53,55
"460","User #25391","Timepoint 12",0,53,55
"461","User #25391","Timepoint 13",0,53,55
"462","User #25391","Timepoint 14",0,53,55
"463","User #25391","Timepoint 15",0,53,55
"464","User #25391","Timepoint 16",0,53,55
"465","User #25391","Timepoint 17",NA,53,55
"466","User #25391","Timepoint 18",NA,53,55
"467","User #25391","Timepoint 19",NA,53,55
"468","User #25391","Timepoint 20",NA,53,55
"469","User #25391","Timepoint 21",NA,53,55
"470","User #25391","Timepoint 22",NA,53,55
"471","User #25391","Timepoint 23",NA,53,55
"472","User #25391","Timepoint 24",NA,53,55
"473","User #25391","Timepoint 25",NA,53,55
"474","User #25391","Timepoint 26",NA,53,55
"475","User #25391","Timepoint 27",NA,53,55
"476","User #25391","Timepoint 28",NA,53,55
"477","User #25391","Timepoint 29",NA,53,55
"478","User #25391","Timepoint 30",NA,53,55
"479","User #25391","Timepoint 31",NA,53,55
"480","User #25391","Timepoint 32",NA,53,55
"481","User #25391","Timepoint 33",NA,53,55
"482","User #25391","Timepoint 34",NA,53,55
"483","User #25391","Timepoint 35",NA,53,55
"484","User #25391","Timepoint 36",NA,53,55
"485","User #25391","Timepoint 37",NA,53,55
"486","User #25391","Timepoint 38",NA,53,55
"487","User #25391","Timepoint 39",NA,53,55
"488","User #25391","Timepoint 40",NA,53,55
"489","User #25391","Timepoint 41",NA,53,55
"490","User #25391","Timepoint 42",NA,53,55
"491","User #25391","Timepoint 43",NA,53,55
"492","User #25391","Timepoint 44",NA,53,55
"493","User #25391","Timepoint 45",NA,53,55
"494","User #25391","Timepoint 46",NA,53,55
"495","User #25391","Timepoint 47",NA,53,55
"496","User #25391","Timepoint 48",NA,53,55
"497","User #25391","Timepoint 49",NA,53,55
"498","User #25391","Timepoint 50",NA,53,55
"499","User #25391","Timepoint 51",NA,53,55
"500","User #25391","Timepoint 52",NA,53,55
"501","User #25391","Timepoint 53",NA,53,55
"502","User #25391","Timepoint 54",NA,53,55
"503","User #25391","Timepoint 55",NA,53,55
"504","User #25391","Timepoint 56",NA,53,55
"505","User #25391","Timepoint 57",NA,53,55
"506","User #25391","Timepoint 58",NA,53,55
"507","User #25391","Timepoint 59",NA,53,55
"508","User #25391","Timepoint 60",NA,53,55
"509","User #25391","Timepoint 61",NA,53,55
"510","User #25391","Timepoint 62",NA,53,55
"511","User #25391","Timepoint 63",NA,53,55
"512","User #25391","Timepoint 64",NA,53,55
"513","User #25350","Timepoint 1",0,53,55
"514","User #25350","Timepoint 2",0,53,55
"515","User #25350","Timepoint 3",0,53,55
"516","User #25350","Timepoint 4",0,53,55
"517","User #25350","Timepoint 5",0,53,55
"518","User #25350","Timepoint 6",0,53,55
"519","User #25350","Timepoint 7",0,53,55
"520","User #25350","Timepoint 8",0,53,55
"521","User #25350","Timepoint 9",0,53,55
"522","User #25350","Timepoint 10",0,53,55
"523","User #25350","Timepoint 11",0,53,55
"524","User #25350","Timepoint 12",0,53,55
"525","User #25350","Timepoint 13",0,53,55
"526","User #25350","Timepoint 14",0,53,55
"527","User #25350","Timepoint 15",0,53,55
"528","User #25350","Timepoint 16",0,53,55
"529","User #25350","Timepoint 17",NA,53,55
"530","User #25350","Timepoint 18",NA,53,55
"531","User #25350","Timepoint 19",NA,53,55
"532","User #25350","Timepoint 20",NA,53,55
"533","User #25350","Timepoint 21",NA,53,55
"534","User #25350","Timepoint 22",NA,53,55
"535","User #25350","Timepoint 23",NA,53,55
"536","User #25350","Timepoint 24",NA,53,55
"537","User #25350","Timepoint 25",NA,53,55
"538","User #25350","Timepoint 26",NA,53,55
"539","User #25350","Timepoint 27",NA,53,55
"540","User #25350","Timepoint 28",NA,53,55
"541","User #25350","Timepoint 29",NA,53,55
"542","User #25350","Timepoint 30",NA,53,55
"543","User #25350","Timepoint 31",NA,53,55
"544","User #25350","Timepoint 32",NA,53,55
"545","User #25350","Timepoint 33",NA,53,55
"546","User #25350","Timepoint 34",NA,53,55
"547","User #25350","Timepoint 35",NA,53,55
"548","User #25350","Timepoint 36",NA,53,55
"549","User #25350","Timepoint 37",NA,53,55
"550","User #25350","Timepoint 38",NA,53,55
"551","User #25350","Timepoint 39",NA,53,55
"552","User #25350","Timepoint 40",NA,53,55
"553","User #25350","Timepoint 41",NA,53,55
"554","User #25350","Timepoint 42",NA,53,55
"555","User #25350","Timepoint 43",NA,53,55
"556","User #25350","Timepoint 44",NA,53,55
"557","User #25350","Timepoint 45",NA,53,55
"558","User #25350","Timepoint 46",NA,53,55
"559","User #25350","Timepoint 47",NA,53,55
"560","User #25350","Timepoint 48",NA,53,55
"561","User #25350","Timepoint 49",NA,53,55
"562","User #25350","Timepoint 50",NA,53,55
"563","User #25350","Timepoint 51",NA,53,55
"564","User #25350","Timepoint 52",NA,53,55
"565","User #25350","Timepoint 53",NA,53,55
"566","User #25350","Timepoint 54",NA,53,55
"567","User #25350","Timepoint 55",NA,53,55
"568","User #25350","Timepoint 56",NA,53,55
"569","User #25350","Timepoint 57",NA,53,55
"570","User #25350","Timepoint 58",NA,53,55
"571","User #25350","Timepoint 59",NA,53,55
"572","User #25350","Timepoint 60",NA,53,55
"573","User #25350","Timepoint 61",NA,53,55
"574","User #25350","Timepoint 62",NA,53,55
"575","User #25350","Timepoint 63",NA,53,55
"576","User #25350","Timepoint 64",NA,53,55
"577","User #25366","Timepoint 1",0,53,55
"578","User #25366","Timepoint 2",0,53,55
"579","User #25366","Timepoint 3",0,53,55
"580","User #25366","Timepoint 4",0,53,55
"581","User #25366","Timepoint 5",0,53,55
"582","User #25366","Timepoint 6",0,53,55
"583","User #25366","Timepoint 7",0,53,55
"584","User #25366","Timepoint 8",0,53,55
"585","User #25366","Timepoint 9",0,53,55
"586","User #25366","Timepoint 10",0,53,55
"587","User #25366","Timepoint 11",0,53,55
"588","User #25366","Timepoint 12",0,53,55
"589","User #25366","Timepoint 13",0,53,55
"590","User #25366","Timepoint 14",0,53,55
"591","User #25366","Timepoint 15",0,53,55
"592","User #25366","Timepoint 16",0,53,55
"593","User #25366","Timepoint 17",NA,53,55
"594","User #25366","Timepoint 18",NA,53,55
"595","User #25366","Timepoint 19",NA,53,55
"596","User #25366","Timepoint 20",NA,53,55
"597","User #25366","Timepoint 21",NA,53,55
"598","User #25366","Timepoint 22",NA,53,55
"599","User #25366","Timepoint 23",NA,53,55
"600","User #25366","Timepoint 24",NA,53,55
"601","User #25366","Timepoint 25",NA,53,55
"602","User #25366","Timepoint 26",NA,53,55
"603","User #25366","Timepoint 27",NA,53,55
"604","User #25366","Timepoint 28",NA,53,55
"605","User #25366","Timepoint 29",NA,53,55
"606","User #25366","Timepoint 30",NA,53,55
"607","User #25366","Timepoint 31",NA,53,55
"608","User #25366","Timepoint 32",NA,53,55
"609","User #25366","Timepoint 33",NA,53,55
"610","User #25366","Timepoint 34",NA,53,55
"611","User #25366","Timepoint 35",NA,53,55
"612","User #25366","Timepoint 36",NA,53,55
"613","User #25366","Timepoint 37",NA,53,55
"614","User #25366","Timepoint 38",NA,53,55
"615","User #25366","Timepoint 39",NA,53,55
"616","User #25366","Timepoint 40",NA,53,55
"617","User #25366","Timepoint 41",NA,53,55
"618","User #25366","Timepoint 42",NA,53,55
"619","User #25366","Timepoint 43",NA,53,55
"620","User #25366","Timepoint 44",NA,53,55
"621","User #25366","Timepoint 45",NA,53,55
"622","User #25366","Timepoint 46",NA,53,55
"623","User #25366","Timepoint 47",NA,53,55
"624","User #25366","Timepoint 48",NA,53,55
"625","User #25366","Timepoint 49",NA,53,55
"626","User #25366","Timepoint 50",NA,53,55
"627","User #25366","Timepoint 51",NA,53,55
"628","User #25366","Timepoint 52",NA,53,55
"629","User #25366","Timepoint 53",NA,53,55
"630","User #25366","Timepoint 54",NA,53,55
"631","User #25366","Timepoint 55",NA,53,55
"632","User #25366","Timepoint 56",NA,53,55
"633","User #25366","Timepoint 57",NA,53,55
"634","User #25366","Timepoint 58",NA,53,55
"635","User #25366","Timepoint 59",NA,53,55
"636","User #25366","Timepoint 60",NA,53,55
"637","User #25366","Timepoint 61",NA,53,55
"638","User #25366","Timepoint 62",NA,53,55
"639","User #25366","Timepoint 63",NA,53,55
"640","User #25366","Timepoint 64",NA,53,55
"641","User #25304","Timepoint 1",0,53,55
"642","User #25304","Timepoint 2",0,53,55
"643","User #25304","Timepoint 3",0,53,55
"644","User #25304","Timepoint 4",0,53,55
"645","User #25304","Timepoint 5",0,53,55
"646","User #25304","Timepoint 6",0,53,55
"647","User #25304","Timepoint 7",0,53,55
"648","User #25304","Timepoint 8",0,53,55
"649","User #25304","Timepoint 9",0,53,55
"650","User #25304","Timepoint 10",0,53,55
"651","User #25304","Timepoint 11",0,53,55
"652","User #25304","Timepoint 12",0,53,55
"653","User #25304","Timepoint 13",0,53,55
"654","User #25304","Timepoint 14",0,53,55
"655","User #25304","Timepoint 15",0,53,55
"656","User #25304","Timepoint 16",0,53,55
"657","User #25304","Timepoint 17",NA,53,55
"658","User #25304","Timepoint 18",NA,53,55
"659","User #25304","Timepoint 19",NA,53,55
"660","User #25304","Timepoint 20",NA,53,55
"661","User #25304","Timepoint 21",NA,53,55
"662","User #25304","Timepoint 22",NA,53,55
"663","User #25304","Timepoint 23",NA,53,55
"664","User #25304","Timepoint 24",NA,53,55
"665","User #25304","Timepoint 25",NA,53,55
"666","User #25304","Timepoint 26",NA,53,55
"667","User #25304","Timepoint 27",NA,53,55
"668","User #25304","Timepoint 28",NA,53,55
"669","User #25304","Timepoint 29",NA,53,55
"670","User #25304","Timepoint 30",NA,53,55
"671","User #25304","Timepoint 31",NA,53,55
"672","User #25304","Timepoint 32",NA,53,55
"673","User #25304","Timepoint 33",NA,53,55
"674","User #25304","Timepoint 34",NA,53,55
"675","User #25304","Timepoint 35",NA,53,55
"676","User #25304","Timepoint 36",NA,53,55
"677","User #25304","Timepoint 37",NA,53,55
"678","User #25304","Timepoint 38",NA,53,55
"679","User #25304","Timepoint 39",NA,53,55
"680","User #25304","Timepoint 40",NA,53,55
"681","User #25304","Timepoint 41",NA,53,55
"682","User #25304","Timepoint 42",NA,53,55
"683","User #25304","Timepoint 43",NA,53,55
"684","User #25304","Timepoint 44",NA,53,55
"685","User #25304","Timepoint 45",NA,53,55
"686","User #25304","Timepoint 46",NA,53,55
"687","User #25304","Timepoint 47",NA,53,55
"688","User #25304","Timepoint 48",NA,53,55
"689","User #25304","Timepoint 49",NA,53,55
"690","User #25304","Timepoint 50",NA,53,55
"691","User #25304","Timepoint 51",NA,53,55
"692","User #25304","Timepoint 52",NA,53,55
"693","User #25304","Timepoint 53",NA,53,55
"694","User #25304","Timepoint 54",NA,53,55
"695","User #25304","Timepoint 55",NA,53,55
"696","User #25304","Timepoint 56",NA,53,55
"697","User #25304","Timepoint 57",NA,53,55
"698","User #25304","Timepoint 58",NA,53,55
"699","User #25304","Timepoint 59",NA,53,55
"700","User #25304","Timepoint 60",NA,53,55
"701","User #25304","Timepoint 61",NA,53,55
"702","User #25304","Timepoint 62",NA,53,55
"703","User #25304","Timepoint 63",NA,53,55
"704","User #25304","Timepoint 64",NA,53,55
"705","User #25309","Timepoint 1",0,53,55
"706","User #25309","Timepoint 2",0,53,55
"707","User #25309","Timepoint 3",0,53,55
"708","User #25309","Timepoint 4",0,53,55
"709","User #25309","Timepoint 5",0,53,55
"710","User #25309","Timepoint 6",0,53,55
"711","User #25309","Timepoint 7",0,53,55
"712","User #25309","Timepoint 8",0,53,55
"713","User #25309","Timepoint 9",0,53,55
"714","User #25309","Timepoint 10",0,53,55
"715","User #25309","Timepoint 11",0,53,55
"716","User #25309","Timepoint 12",0,53,55
"717","User #25309","Timepoint 13",0,53,55
"718","User #25309","Timepoint 14",0,53,55
"719","User #25309","Timepoint 15",0,53,55
"720","User #25309","Timepoint 16",0,53,55
"721","User #25309","Timepoint 17",NA,53,55
"722","User #25309","Timepoint 18",NA,53,55
"723","User #25309","Timepoint 19",NA,53,55
"724","User #25309","Timepoint 20",NA,53,55
"725","User #25309","Timepoint 21",NA,53,55
"726","User #25309","Timepoint 22",NA,53,55
"727","User #25309","Timepoint 23",NA,53,55
"728","User #25309","Timepoint 24",NA,53,55
"729","User #25309","Timepoint 25",NA,53,55
"730","User #25309","Timepoint 26",NA,53,55
"731","User #25309","Timepoint 27",NA,53,55
"732","User #25309","Timepoint 28",NA,53,55
"733","User #25309","Timepoint 29",NA,53,55
"734","User #25309","Timepoint 30",NA,53,55
"735","User #25309","Timepoint 31",NA,53,55
"736","User #25309","Timepoint 32",NA,53,55
"737","User #25309","Timepoint 33",NA,53,55
"738","User #25309","Timepoint 34",NA,53,55
"739","User #25309","Timepoint 35",NA,53,55
"740","User #25309","Timepoint 36",NA,53,55
"741","User #25309","Timepoint 37",NA,53,55
"742","User #25309","Timepoint 38",NA,53,55
"743","User #25309","Timepoint 39",NA,53,55
"744","User #25309","Timepoint 40",NA,53,55
"745","User #25309","Timepoint 41",NA,53,55
"746","User #25309","Timepoint 42",NA,53,55
"747","User #25309","Timepoint 43",NA,53,55
"748","User #25309","Timepoint 44",NA,53,55
"749","User #25309","Timepoint 45",NA,53,55
"750","User #25309","Timepoint 46",NA,53,55
"751","User #25309","Timepoint 47",NA,53,55
"752","User #25309","Timepoint 48",NA,53,55
"753","User #25309","Timepoint 49",NA,53,55
"754","User #25309","Timepoint 50",NA,53,55
"755","User #25309","Timepoint 51",NA,53,55
"756","User #25309","Timepoint 52",NA,53,55
"757","User #25309","Timepoint 53",NA,53,55
"758","User #25309","Timepoint 54",NA,53,55
"759","User #25309","Timepoint 55",NA,53,55
"760","User #25309","Timepoint 56",NA,53,55
"761","User #25309","Timepoint 57",NA,53,55
"762","User #25309","Timepoint 58",NA,53,55
"763","User #25309","Timepoint 59",NA,53,55
"764","User #25309","Timepoint 60",NA,53,55
"765","User #25309","Timepoint 61",NA,53,55
"766","User #25309","Timepoint 62",NA,53,55
"767","User #25309","Timepoint 63",NA,53,55
"768","User #25309","Timepoint 64",NA,53,55
"769","User #25318","Timepoint 1",0,53,55
"770","User #25318","Timepoint 2",0,53,55
"771","User #25318","Timepoint 3",0,53,55
"772","User #25318","Timepoint 4",0,53,55
"773","User #25318","Timepoint 5",0,53,55
"774","User #25318","Timepoint 6",0,53,55
"775","User #25318","Timepoint 7",0,53,55
"776","User #25318","Timepoint 8",0,53,55
"777","User #25318","Timepoint 9",0,53,55
"778","User #25318","Timepoint 10",0,53,55
"779","User #25318","Timepoint 11",0,53,55
"780","User #25318","Timepoint 12",0,53,55
"781","User #25318","Timepoint 13",0,53,55
"782","User #25318","Timepoint 14",0,53,55
"783","User #25318","Timepoint 15",0,53,55
"784","User #25318","Timepoint 16",0,53,55
"785","User #25318","Timepoint 17",NA,53,55
"786","User #25318","Timepoint 18",NA,53,55
"787","User #25318","Timepoint 19",NA,53,55
"788","User #25318","Timepoint 20",NA,53,55
"789","User #25318","Timepoint 21",NA,53,55
"790","User #25318","Timepoint 22",NA,53,55
"791","User #25318","Timepoint 23",NA,53,55
"792","User #25318","Timepoint 24",NA,53,55
"793","User #25318","Timepoint 25",NA,53,55
"794","User #25318","Timepoint 26",NA,53,55
"795","User #25318","Timepoint 27",NA,53,55
"796","User #25318","Timepoint 28",NA,53,55
"797","User #25318","Timepoint 29",NA,53,55
"798","User #25318","Timepoint 30",NA,53,55
"799","User #25318","Timepoint 31",NA,53,55
"800","User #25318","Timepoint 32",NA,53,55
"801","User #25318","Timepoint 33",NA,53,55
"802","User #25318","Timepoint 34",NA,53,55
"803","User #25318","Timepoint 35",NA,53,55
"804","User #25318","Timepoint 36",NA,53,55
"805","User #25318","Timepoint 37",NA,53,55
"806","User #25318","Timepoint 38",NA,53,55
"807","User #25318","Timepoint 39",NA,53,55
"808","User #25318","Timepoint 40",NA,53,55
"809","User #25318","Timepoint 41",NA,53,55
"810","User #25318","Timepoint 42",NA,53,55
"811","User #25318","Timepoint 43",NA,53,55
"812","User #25318","Timepoint 44",NA,53,55
"813","User #25318","Timepoint 45",NA,53,55
"814","User #25318","Timepoint 46",NA,53,55
"815","User #25318","Timepoint 47",NA,53,55
"816","User #25318","Timepoint 48",NA,53,55
"817","User #25318","Timepoint 49",NA,53,55
"818","User #25318","Timepoint 50",NA,53,55
"819","User #25318","Timepoint 51",NA,53,55
"820","User #25318","Timepoint 52",NA,53,55
"821","User #25318","Timepoint 53",NA,53,55
"822","User #25318","Timepoint 54",NA,53,55
"823","User #25318","Timepoint 55",NA,53,55
"824","User #25318","Timepoint 56",NA,53,55
"825","User #25318","Timepoint 57",NA,53,55
"826","User #25318","Timepoint 58",NA,53,55
"827","User #25318","Timepoint 59",NA,53,55
"828","User #25318","Timepoint 60",NA,53,55
"829","User #25318","Timepoint 61",NA,53,55
"830","User #25318","Timepoint 62",NA,53,55
"831","User #25318","Timepoint 63",NA,53,55
"832","User #25318","Timepoint 64",NA,53,55
"833","User #25358","Timepoint 1",0,53,55
"834","User #25358","Timepoint 2",0,53,55
"835","User #25358","Timepoint 3",0,53,55
"836","User #25358","Timepoint 4",0,53,55
"837","User #25358","Timepoint 5",0,53,55
"838","User #25358","Timepoint 6",0,53,55
"839","User #25358","Timepoint 7",0,53,55
"840","User #25358","Timepoint 8",0,53,55
"841","User #25358","Timepoint 9",0,53,55
"842","User #25358","Timepoint 10",0,53,55
"843","User #25358","Timepoint 11",0,53,55
"844","User #25358","Timepoint 12",0,53,55
"845","User #25358","Timepoint 13",0,53,55
"846","User #25358","Timepoint 14",0,53,55
"847","User #25358","Timepoint 15",0,53,55
"848","User #25358","Timepoint 16",0,53,55
"849","User #25358","Timepoint 17",NA,53,55
"850","User #25358","Timepoint 18",NA,53,55
"851","User #25358","Timepoint 19",NA,53,55
"852","User #25358","Timepoint 20",NA,53,55
"853","User #25358","Timepoint 21",NA,53,55
"854","User #25358","Timepoint 22",NA,53,55
"855","User #25358","Timepoint 23",NA,53,55
"856","User #25358","Timepoint 24",NA,53,55
"857","User #25358","Timepoint 25",NA,53,55
"858","User #25358","Timepoint 26",NA,53,55
"859","User #25358","Timepoint 27",NA,53,55
"860","User #25358","Timepoint 28",NA,53,55
"861","User #25358","Timepoint 29",NA,53,55
"862","User #25358","Timepoint 30",NA,53,55
"863","User #25358","Timepoint 31",NA,53,55
"864","User #25358","Timepoint 32",NA,53,55
"865","User #25358","Timepoint 33",NA,53,55
"866","User #25358","Timepoint 34",NA,53,55
"867","User #25358","Timepoint 35",NA,53,55
"868","User #25358","Timepoint 36",NA,53,55
"869","User #25358","Timepoint 37",NA,53,55
"870","User #25358","Timepoint 38",NA,53,55
"871","User #25358","Timepoint 39",NA,53,55
"872","User #25358","Timepoint 40",NA,53,55
"873","User #25358","Timepoint 41",NA,53,55
"874","User #25358","Timepoint 42",NA,53,55
"875","User #25358","Timepoint 43",NA,53,55
"876","User #25358","Timepoint 44",NA,53,55
"877","User #25358","Timepoint 45",NA,53,55
"878","User #25358","Timepoint 46",NA,53,55
"879","User #25358","Timepoint 47",NA,53,55
"880","User #25358","Timepoint 48",NA,53,55
"881","User #25358","Timepoint 49",NA,53,55
"882","User #25358","Timepoint 50",NA,53,55
"883","User #25358","Timepoint 51",NA,53,55
"884","User #25358","Timepoint 52",NA,53,55
"885","User #25358","Timepoint 53",NA,53,55
"886","User #25358","Timepoint 54",NA,53,55
"887","User #25358","Timepoint 55",NA,53,55
"888","User #25358","Timepoint 56",NA,53,55
"889","User #25358","Timepoint 57",NA,53,55
"890","User #25358","Timepoint 58",NA,53,55
"891","User #25358","Timepoint 59",NA,53,55
"892","User #25358","Timepoint 60",NA,53,55
"893","User #25358","Timepoint 61",NA,53,55
"894","User #25358","Timepoint 62",NA,53,55
"895","User #25358","Timepoint 63",NA,53,55
"896","User #25358","Timepoint 64",NA,53,55
"897","User #25322","Timepoint 1",0,53,55
"898","User #25322","Timepoint 2",0,53,55
"899","User #25322","Timepoint 3",0,53,55
"900","User #25322","Timepoint 4",0,53,55
"901","User #25322","Timepoint 5",0,53,55
"902","User #25322","Timepoint 6",0,53,55
"903","User #25322","Timepoint 7",0,53,55
"904","User #25322","Timepoint 8",0,53,55
"905","User #25322","Timepoint 9",0,53,55
"906","User #25322","Timepoint 10",0,53,55
"907","User #25322","Timepoint 11",0,53,55
"908","User #25322","Timepoint 12",0,53,55
"909","User #25322","Timepoint 13",0,53,55
"910","User #25322","Timepoint 14",0,53,55
"911","User #25322","Timepoint 15",0,53,55
"912","User #25322","Timepoint 16",0,53,55
"913","User #25322","Timepoint 17",NA,53,55
"914","User #25322","Timepoint 18",NA,53,55
"915","User #25322","Timepoint 19",NA,53,55
"916","User #25322","Timepoint 20",NA,53,55
"917","User #25322","Timepoint 21",NA,53,55
"918","User #25322","Timepoint 22",NA,53,55
"919","User #25322","Timepoint 23",NA,53,55
"920","User #25322","Timepoint 24",NA,53,55
"921","User #25322","Timepoint 25",NA,53,55
"922","User #25322","Timepoint 26",NA,53,55
"923","User #25322","Timepoint 27",NA,53,55
"924","User #25322","Timepoint 28",NA,53,55
"925","User #25322","Timepoint 29",NA,53,55
"926","User #25322","Timepoint 30",NA,53,55
"927","User #25322","Timepoint 31",NA,53,55
"928","User #25322","Timepoint 32",NA,53,55
"929","User #25322","Timepoint 33",NA,53,55
"930","User #25322","Timepoint 34",NA,53,55
"931","User #25322","Timepoint 35",NA,53,55
"932","User #25322","Timepoint 36",NA,53,55
"933","User #25322","Timepoint 37",NA,53,55
"934","User #25322","Timepoint 38",NA,53,55
"935","User #25322","Timepoint 39",NA,53,55
"936","User #25322","Timepoint 40",NA,53,55
"937","User #25322","Timepoint 41",NA,53,55
"938","User #25322","Timepoint 42",NA,53,55
"939","User #25322","Timepoint 43",NA,53,55
"940","User #25322","Timepoint 44",NA,53,55
"941","User #25322","Timepoint 45",NA,53,55
"942","User #25322","Timepoint 46",NA,53,55
"943","User #25322","Timepoint 47",NA,53,55
"944","User #25322","Timepoint 48",NA,53,55
"945","User #25322","Timepoint 49",NA,53,55
"946","User #25322","Timepoint 50",NA,53,55
"947","User #25322","Timepoint 51",NA,53,55
"948","User #25322","Timepoint 52",NA,53,55
"949","User #25322","Timepoint 53",NA,53,55
"950","User #25322","Timepoint 54",NA,53,55
"951","User #25322","Timepoint 55",NA,53,55
"952","User #25322","Timepoint 56",NA,53,55
"953","User #25322","Timepoint 57",NA,53,55
"954","User #25322","Timepoint 58",NA,53,55
"955","User #25322","Timepoint 59",NA,53,55
"956","User #25322","Timepoint 60",NA,53,55
"957","User #25322","Timepoint 61",NA,53,55
"958","User #25322","Timepoint 62",NA,53,55
"959","User #25322","Timepoint 63",NA,53,55
"960","User #25322","Timepoint 64",NA,53,55
"961","User #25348","Timepoint 1",0,53,55
"962","User #25348","Timepoint 2",0,53,55
"963","User #25348","Timepoint 3",0,53,55
"964","User #25348","Timepoint 4",0,53,55
"965","User #25348","Timepoint 5",0,53,55
"966","User #25348","Timepoint 6",0,53,55
"967","User #25348","Timepoint 7",0,53,55
"968","User #25348","Timepoint 8",0,53,55
"969","User #25348","Timepoint 9",0,53,55
"970","User #25348","Timepoint 10",0,53,55
"971","User #25348","Timepoint 11",0,53,55
"972","User #25348","Timepoint 12",0,53,55
"973","User #25348","Timepoint 13",0,53,55
"974","User #25348","Timepoint 14",0,53,55
"975","User #25348","Timepoint 15",0,53,55
"976","User #25348","Timepoint 16",0,53,55
"977","User #25348","Timepoint 17",NA,53,55
"978","User #25348","Timepoint 18",NA,53,55
"979","User #25348","Timepoint 19",NA,53,55
"980","User #25348","Timepoint 20",NA,53,55
"981","User #25348","Timepoint 21",NA,53,55
"982","User #25348","Timepoint 22",NA,53,55
"983","User #25348","Timepoint 23",NA,53,55
"984","User #25348","Timepoint 24",NA,53,55
"985","User #25348","Timepoint 25",NA,53,55
"986","User #25348","Timepoint 26",NA,53,55
"987","User #25348","Timepoint 27",NA,53,55
"988","User #25348","Timepoint 28",NA,53,55
"989","User #25348","Timepoint 29",NA,53,55
"990","User #25348","Timepoint 30",NA,53,55
"991","User #25348","Timepoint 31",NA,53,55
"992","User #25348","Timepoint 32",NA,53,55
"993","User #25348","Timepoint 33",NA,53,55
"994","User #25348","Timepoint 34",NA,53,55
"995","User #25348","Timepoint 35",NA,53,55
"996","User #25348","Timepoint 36",NA,53,55
"997","User #25348","Timepoint 37",NA,53,55
"998","User #25348","Timepoint 38",NA,53,55
"999","User #25348","Timepoint 39",NA,53,55
"1000","User #25348","Timepoint 40",NA,53,55
"1001","User #25348","Timepoint 41",NA,53,55
"1002","User #25348","Timepoint 42",NA,53,55
"1003","User #25348","Timepoint 43",NA,53,55
"1004","User #25348","Timepoint 44",NA,53,55
"1005","User #25348","Timepoint 45",NA,53,55
"1006","User #25348","Timepoint 46",NA,53,55
"1007","User #25348","Timepoint 47",NA,53,55
"1008","User #25348","Timepoint 48",NA,53,55
"1009","User #25348","Timepoint 49",NA,53,55
"1010","User #25348","Timepoint 50",NA,53,55
"1011","User #25348","Timepoint 51",NA,53,55
"1012","User #25348","Timepoint 52",NA,53,55
"1013","User #25348","Timepoint 53",NA,53,55
"1014","User #25348","Timepoint 54",NA,53,55
"1015","User #25348","Timepoint 55",NA,53,55
"1016","User #25348","Timepoint 56",NA,53,55
"1017","User #25348","Timepoint 57",NA,53,55
"1018","User #25348","Timepoint 58",NA,53,55
"1019","User #25348","Timepoint 59",NA,53,55
"1020","User #25348","Timepoint 60",NA,53,55
"1021","User #25348","Timepoint 61",NA,53,55
"1022","User #25348","Timepoint 62",NA,53,55
"1023","User #25348","Timepoint 63",NA,53,55
"1024","User #25348","Timepoint 64",NA,53,55
"1025","User #25320","Timepoint 1",0,53,55
"1026","User #25320","Timepoint 2",0,53,55
"1027","User #25320","Timepoint 3",0,53,55
"1028","User #25320","Timepoint 4",0,53,55
"1029","User #25320","Timepoint 5",0,53,55
"1030","User #25320","Timepoint 6",0,53,55
"1031","User #25320","Timepoint 7",0,53,55
"1032","User #25320","Timepoint 8",0,53,55
"1033","User #25320","Timepoint 9",0,53,55
"1034","User #25320","Timepoint 10",0,53,55
"1035","User #25320","Timepoint 11",0,53,55
"1036","User #25320","Timepoint 12",0,53,55
"1037","User #25320","Timepoint 13",0,53,55
"1038","User #25320","Timepoint 14",0,53,55
"1039","User #25320","Timepoint 15",0,53,55
"1040","User #25320","Timepoint 16",0,53,55
"1041","User #25320","Timepoint 17",NA,53,55
"1042","User #25320","Timepoint 18",NA,53,55
"1043","User #25320","Timepoint 19",NA,53,55
"1044","User #25320","Timepoint 20",NA,53,55
"1045","User #25320","Timepoint 21",NA,53,55
"1046","User #25320","Timepoint 22",NA,53,55
"1047","User #25320","Timepoint 23",NA,53,55
"1048","User #25320","Timepoint 24",NA,53,55
"1049","User #25320","Timepoint 25",NA,53,55
"1050","User #25320","Timepoint 26",NA,53,55
"1051","User #25320","Timepoint 27",NA,53,55
"1052","User #25320","Timepoint 28",NA,53,55
"1053","User #25320","Timepoint 29",NA,53,55
"1054","User #25320","Timepoint 30",NA,53,55
"1055","User #25320","Timepoint 31",NA,53,55
"1056","User #25320","Timepoint 32",NA,53,55
"1057","User #25320","Timepoint 33",NA,53,55
"1058","User #25320","Timepoint 34",NA,53,55
"1059","User #25320","Timepoint 35",NA,53,55
"1060","User #25320","Timepoint 36",NA,53,55
"1061","User #25320","Timepoint 37",NA,53,55
"1062","User #25320","Timepoint 38",NA,53,55
"1063","User #25320","Timepoint 39",NA,53,55
"1064","User #25320","Timepoint 40",NA,53,55
"1065","User #25320","Timepoint 41",NA,53,55
"1066","User #25320","Timepoint 42",NA,53,55
"1067","User #25320","Timepoint 43",NA,53,55
"1068","User #25320","Timepoint 44",NA,53,55
"1069","User #25320","Timepoint 45",NA,53,55
"1070","User #25320","Timepoint 46",NA,53,55
"1071","User #25320","Timepoint 47",NA,53,55
"1072","User #25320","Timepoint 48",NA,53,55
"1073","User #25320","Timepoint 49",NA,53,55
"1074","User #25320","Timepoint 50",NA,53,55
"1075","User #25320","Timepoint 51",NA,53,55
"1076","User #25320","Timepoint 52",NA,53,55
"1077","User #25320","Timepoint 53",NA,53,55
"1078","User #25320","Timepoint 54",NA,53,55
"1079","User #25320","Timepoint 55",NA,53,55
"1080","User #25320","Timepoint 56",NA,53,55
"1081","User #25320","Timepoint 57",NA,53,55
"1082","User #25320","Timepoint 58",NA,53,55
"1083","User #25320","Timepoint 59",NA,53,55
"1084","User #25320","Timepoint 60",NA,53,55
"1085","User #25320","Timepoint 61",NA,53,55
"1086","User #25320","Timepoint 62",NA,53,55
"1087","User #25320","Timepoint 63",NA,53,55
"1088","User #25320","Timepoint 64",NA,53,55
"1089","User #25378","Timepoint 1",0,53,55
"1090","User #25378","Timepoint 2",0,53,55
"1091","User #25378","Timepoint 3",0,53,55
"1092","User #25378","Timepoint 4",0,53,55
"1093","User #25378","Timepoint 5",0,53,55
"1094","User #25378","Timepoint 6",0,53,55
"1095","User #25378","Timepoint 7",0,53,55
"1096","User #25378","Timepoint 8",0,53,55
"1097","User #25378","Timepoint 9",0,53,55
"1098","User #25378","Timepoint 10",0,53,55
"1099","User #25378","Timepoint 11",0,53,55
"1100","User #25378","Timepoint 12",0,53,55
"1101","User #25378","Timepoint 13",0,53,55
"1102","User #25378","Timepoint 14",0,53,55
"1103","User #25378","Timepoint 15",0,53,55
"1104","User #25378","Timepoint 16",0,53,55
"1105","User #25378","Timepoint 17",NA,53,55
"1106","User #25378","Timepoint 18",NA,53,55
"1107","User #25378","Timepoint 19",NA,53,55
"1108","User #25378","Timepoint 20",NA,53,55
"1109","User #25378","Timepoint 21",NA,53,55
"1110","User #25378","Timepoint 22",NA,53,55
"1111","User #25378","Timepoint 23",NA,53,55
"1112","User #25378","Timepoint 24",NA,53,55
"1113","User #25378","Timepoint 25",NA,53,55
"1114","User #25378","Timepoint 26",NA,53,55
"1115","User #25378","Timepoint 27",NA,53,55
"1116","User #25378","Timepoint 28",NA,53,55
"1117","User #25378","Timepoint 29",NA,53,55
"1118","User #25378","Timepoint 30",NA,53,55
"1119","User #25378","Timepoint 31",NA,53,55
"1120","User #25378","Timepoint 32",NA,53,55
"1121","User #25378","Timepoint 33",NA,53,55
"1122","User #25378","Timepoint 34",NA,53,55
"1123","User #25378","Timepoint 35",NA,53,55
"1124","User #25378","Timepoint 36",NA,53,55
"1125","User #25378","Timepoint 37",NA,53,55
"1126","User #25378","Timepoint 38",NA,53,55
"1127","User #25378","Timepoint 39",NA,53,55
"1128","User #25378","Timepoint 40",NA,53,55
"1129","User #25378","Timepoint 41",NA,53,55
"1130","User #25378","Timepoint 42",NA,53,55
"1131","User #25378","Timepoint 43",NA,53,55
"1132","User #25378","Timepoint 44",NA,53,55
"1133","User #25378","Timepoint 45",NA,53,55
"1134","User #25378","Timepoint 46",NA,53,55
"1135","User #25378","Timepoint 47",NA,53,55
"1136","User #25378","Timepoint 48",NA,53,55
"1137","User #25378","Timepoint 49",NA,53,55
"1138","User #25378","Timepoint 50",NA,53,55
"1139","User #25378","Timepoint 51",NA,53,55
"1140","User #25378","Timepoint 52",NA,53,55
"1141","User #25378","Timepoint 53",NA,53,55
"1142","User #25378","Timepoint 54",NA,53,55
"1143","User #25378","Timepoint 55",NA,53,55
"1144","User #25378","Timepoint 56",NA,53,55
"1145","User #25378","Timepoint 57",NA,53,55
"1146","User #25378","Timepoint 58",NA,53,55
"1147","User #25378","Timepoint 59",NA,53,55
"1148","User #25378","Timepoint 60",NA,53,55
"1149","User #25378","Timepoint 61",NA,53,55
"1150","User #25378","Timepoint 62",NA,53,55
"1151","User #25378","Timepoint 63",NA,53,55
"1152","User #25378","Timepoint 64",NA,53,55
"1153","User #25334","Timepoint 1",0,53,55
"1154","User #25334","Timepoint 2",0,53,55
"1155","User #25334","Timepoint 3",0,53,55
"1156","User #25334","Timepoint 4",0,53,55
"1157","User #25334","Timepoint 5",0,53,55
"1158","User #25334","Timepoint 6",0,53,55
"1159","User #25334","Timepoint 7",0,53,55
"1160","User #25334","Timepoint 8",0,53,55
"1161","User #25334","Timepoint 9",0,53,55
"1162","User #25334","Timepoint 10",0,53,55
"1163","User #25334","Timepoint 11",0,53,55
"1164","User #25334","Timepoint 12",0,53,55
"1165","User #25334","Timepoint 13",0,53,55
"1166","User #25334","Timepoint 14",0,53,55
"1167","User #25334","Timepoint 15",0,53,55
"1168","User #25334","Timepoint 16",0,53,55
"1169","User #25334","Timepoint 17",NA,53,55
"1170","User #25334","Timepoint 18",NA,53,55
"1171","User #25334","Timepoint 19",NA,53,55
"1172","User #25334","Timepoint 20",NA,53,55
"1173","User #25334","Timepoint 21",NA,53,55
"1174","User #25334","Timepoint 22",NA,53,55
"1175","User #25334","Timepoint 23",NA,53,55
"1176","User #25334","Timepoint 24",NA,53,55
"1177","User #25334","Timepoint 25",NA,53,55
"1178","User #25334","Timepoint 26",NA,53,55
"1179","User #25334","Timepoint 27",NA,53,55
"1180","User #25334","Timepoint 28",NA,53,55
"1181","User #25334","Timepoint 29",NA,53,55
"1182","User #25334","Timepoint 30",NA,53,55
"1183","User #25334","Timepoint 31",NA,53,55
"1184","User #25334","Timepoint 32",NA,53,55
"1185","User #25334","Timepoint 33",NA,53,55
"1186","User #25334","Timepoint 34",NA,53,55
"1187","User #25334","Timepoint 35",NA,53,55
"1188","User #25334","Timepoint 36",NA,53,55
"1189","User #25334","Timepoint 37",NA,53,55
"1190","User #25334","Timepoint 38",NA,53,55
"1191","User #25334","Timepoint 39",NA,53,55
"1192","User #25334","Timepoint 40",NA,53,55
"1193","User #25334","Timepoint 41",NA,53,55
"1194","User #25334","Timepoint 42",NA,53,55
"1195","User #25334","Timepoint 43",NA,53,55
"1196","User #25334","Timepoint 44",NA,53,55
"1197","User #25334","Timepoint 45",NA,53,55
"1198","User #25334","Timepoint 46",NA,53,55
"1199","User #25334","Timepoint 47",NA,53,55
"1200","User #25334","Timepoint 48",NA,53,55
"1201","User #25334","Timepoint 49",NA,53,55
"1202","User #25334","Timepoint 50",NA,53,55
"1203","User #25334","Timepoint 51",NA,53,55
"1204","User #25334","Timepoint 52",NA,53,55
"1205","User #25334","Timepoint 53",NA,53,55
"1206","User #25334","Timepoint 54",NA,53,55
"1207","User #25334","Timepoint 55",NA,53,55
"1208","User #25334","Timepoint 56",NA,53,55
"1209","User #25334","Timepoint 57",NA,53,55
"1210","User #25334","Timepoint 58",NA,53,55
"1211","User #25334","Timepoint 59",NA,53,55
"1212","User #25334","Timepoint 60",NA,53,55
"1213","User #25334","Timepoint 61",NA,53,55
"1214","User #25334","Timepoint 62",NA,53,55
"1215","User #25334","Timepoint 63",NA,53,55
"1216","User #25334","Timepoint 64",NA,53,55
"1217","User #25311","Timepoint 1",0,53,55
"1218","User #25311","Timepoint 2",0,53,55
"1219","User #25311","Timepoint 3",0,53,55
"1220","User #25311","Timepoint 4",0,53,55
"1221","User #25311","Timepoint 5",0,53,55
"1222","User #25311","Timepoint 6",0,53,55
"1223","User #25311","Timepoint 7",0,53,55
"1224","User #25311","Timepoint 8",0,53,55
"1225","User #25311","Timepoint 9",0,53,55
"1226","User #25311","Timepoint 10",0,53,55
"1227","User #25311","Timepoint 11",0,53,55
"1228","User #25311","Timepoint 12",0,53,55
"1229","User #25311","Timepoint 13",0,53,55
"1230","User #25311","Timepoint 14",0,53,55
"1231","User #25311","Timepoint 15",0,53,55
"1232","User #25311","Timepoint 16",0,53,55
"1233","User #25311","Timepoint 17",NA,53,55
"1234","User #25311","Timepoint 18",NA,53,55
"1235","User #25311","Timepoint 19",NA,53,55
"1236","User #25311","Timepoint 20",NA,53,55
"1237","User #25311","Timepoint 21",NA,53,55
"1238","User #25311","Timepoint 22",NA,53,55
"1239","User #25311","Timepoint 23",NA,53,55
"1240","User #25311","Timepoint 24",NA,53,55
"1241","User #25311","Timepoint 25",NA,53,55
"1242","User #25311","Timepoint 26",NA,53,55
"1243","User #25311","Timepoint 27",NA,53,55
"1244","User #25311","Timepoint 28",NA,53,55
"1245","User #25311","Timepoint 29",NA,53,55
"1246","User #25311","Timepoint 30",NA,53,55
"1247","User #25311","Timepoint 31",NA,53,55
"1248","User #25311","Timepoint 32",NA,53,55
"1249","User #25311","Timepoint 33",NA,53,55
"1250","User #25311","Timepoint 34",NA,53,55
"1251","User #25311","Timepoint 35",NA,53,55
"1252","User #25311","Timepoint 36",NA,53,55
"1253","User #25311","Timepoint 37",NA,53,55
"1254","User #25311","Timepoint 38",NA,53,55
"1255","User #25311","Timepoint 39",NA,53,55
"1256","User #25311","Timepoint 40",NA,53,55
"1257","User #25311","Timepoint 41",NA,53,55
"1258","User #25311","Timepoint 42",NA,53,55
"1259","User #25311","Timepoint 43",NA,53,55
"1260","User #25311","Timepoint 44",NA,53,55
"1261","User #25311","Timepoint 45",NA,53,55
"1262","User #25311","Timepoint 46",NA,53,55
"1263","User #25311","Timepoint 47",NA,53,55
"1264","User #25311","Timepoint 48",NA,53,55
"1265","User #25311","Timepoint 49",NA,53,55
"1266","User #25311","Timepoint 50",NA,53,55
"1267","User #25311","Timepoint 51",NA,53,55
"1268","User #25311","Timepoint 52",NA,53,55
"1269","User #25311","Timepoint 53",NA,53,55
"1270","User #25311","Timepoint 54",NA,53,55
"1271","User #25311","Timepoint 55",NA,53,55
"1272","User #25311","Timepoint 56",NA,53,55
"1273","User #25311","Timepoint 57",NA,53,55
"1274","User #25311","Timepoint 58",NA,53,55
"1275","User #25311","Timepoint 59",NA,53,55
"1276","User #25311","Timepoint 60",NA,53,55
"1277","User #25311","Timepoint 61",NA,53,55
"1278","User #25311","Timepoint 62",NA,53,55
"1279","User #25311","Timepoint 63",NA,53,55
"1280","User #25311","Timepoint 64",NA,53,55
"1281","User #25307","Timepoint 1",0,53,55
"1282","User #25307","Timepoint 2",0,53,55
"1283","User #25307","Timepoint 3",0,53,55
"1284","User #25307","Timepoint 4",0,53,55
"1285","User #25307","Timepoint 5",0,53,55
"1286","User #25307","Timepoint 6",0,53,55
"1287","User #25307","Timepoint 7",0,53,55
"1288","User #25307","Timepoint 8",0,53,55
"1289","User #25307","Timepoint 9",0,53,55
"1290","User #25307","Timepoint 10",0,53,55
"1291","User #25307","Timepoint 11",0,53,55
"1292","User #25307","Timepoint 12",0,53,55
"1293","User #25307","Timepoint 13",0,53,55
"1294","User #25307","Timepoint 14",0,53,55
"1295","User #25307","Timepoint 15",0,53,55
"1296","User #25307","Timepoint 16",0,53,55
"1297","User #25307","Timepoint 17",NA,53,55
"1298","User #25307","Timepoint 18",NA,53,55
"1299","User #25307","Timepoint 19",NA,53,55
"1300","User #25307","Timepoint 20",NA,53,55
"1301","User #25307","Timepoint 21",NA,53,55
"1302","User #25307","Timepoint 22",NA,53,55
"1303","User #25307","Timepoint 23",NA,53,55
"1304","User #25307","Timepoint 24",NA,53,55
"1305","User #25307","Timepoint 25",NA,53,55
"1306","User #25307","Timepoint 26",NA,53,55
"1307","User #25307","Timepoint 27",NA,53,55
"1308","User #25307","Timepoint 28",NA,53,55
"1309","User #25307","Timepoint 29",NA,53,55
"1310","User #25307","Timepoint 30",NA,53,55
"1311","User #25307","Timepoint 31",NA,53,55
"1312","User #25307","Timepoint 32",NA,53,55
"1313","User #25307","Timepoint 33",NA,53,55
"1314","User #25307","Timepoint 34",NA,53,55
"1315","User #25307","Timepoint 35",NA,53,55
"1316","User #25307","Timepoint 36",NA,53,55
"1317","User #25307","Timepoint 37",NA,53,55
"1318","User #25307","Timepoint 38",NA,53,55
"1319","User #25307","Timepoint 39",NA,53,55
"1320","User #25307","Timepoint 40",NA,53,55
"1321","User #25307","Timepoint 41",NA,53,55
"1322","User #25307","Timepoint 42",NA,53,55
"1323","User #25307","Timepoint 43",NA,53,55
"1324","User #25307","Timepoint 44",NA,53,55
"1325","User #25307","Timepoint 45",NA,53,55
"1326","User #25307","Timepoint 46",NA,53,55
"1327","User #25307","Timepoint 47",NA,53,55
"1328","User #25307","Timepoint 48",NA,53,55
"1329","User #25307","Timepoint 49",NA,53,55
"1330","User #25307","Timepoint 50",NA,53,55
"1331","User #25307","Timepoint 51",NA,53,55
"1332","User #25307","Timepoint 52",NA,53,55
"1333","User #25307","Timepoint 53",NA,53,55
"1334","User #25307","Timepoint 54",NA,53,55
"1335","User #25307","Timepoint 55",NA,53,55
"1336","User #25307","Timepoint 56",NA,53,55
"1337","User #25307","Timepoint 57",NA,53,55
"1338","User #25307","Timepoint 58",NA,53,55
"1339","User #25307","Timepoint 59",NA,53,55
"1340","User #25307","Timepoint 60",NA,53,55
"1341","User #25307","Timepoint 61",NA,53,55
"1342","User #25307","Timepoint 62",NA,53,55
"1343","User #25307","Timepoint 63",NA,53,55
"1344","User #25307","Timepoint 64",NA,53,55
"1345","User #25328","Timepoint 1",0,53,55
"1346","User #25328","Timepoint 2",0,53,55
"1347","User #25328","Timepoint 3",0,53,55
"1348","User #25328","Timepoint 4",0,53,55
"1349","User #25328","Timepoint 5",0,53,55
"1350","User #25328","Timepoint 6",0,53,55
"1351","User #25328","Timepoint 7",0,53,55
"1352","User #25328","Timepoint 8",0,53,55
"1353","User #25328","Timepoint 9",0,53,55
"1354","User #25328","Timepoint 10",0,53,55
"1355","User #25328","Timepoint 11",0,53,55
"1356","User #25328","Timepoint 12",0,53,55
"1357","User #25328","Timepoint 13",0,53,55
"1358","User #25328","Timepoint 14",0,53,55
"1359","User #25328","Timepoint 15",0,53,55
"1360","User #25328","Timepoint 16",0,53,55
"1361","User #25328","Timepoint 17",NA,53,55
"1362","User #25328","Timepoint 18",NA,53,55
"1363","User #25328","Timepoint 19",NA,53,55
"1364","User #25328","Timepoint 20",NA,53,55
"1365","User #25328","Timepoint 21",NA,53,55
"1366","User #25328","Timepoint 22",NA,53,55
"1367","User #25328","Timepoint 23",NA,53,55
"1368","User #25328","Timepoint 24",NA,53,55
"1369","User #25328","Timepoint 25",NA,53,55
"1370","User #25328","Timepoint 26",NA,53,55
"1371","User #25328","Timepoint 27",NA,53,55
"1372","User #25328","Timepoint 28",NA,53,55
"1373","User #25328","Timepoint 29",NA,53,55
"1374","User #25328","Timepoint 30",NA,53,55
"1375","User #25328","Timepoint 31",NA,53,55
"1376","User #25328","Timepoint 32",NA,53,55
"1377","User #25328","Timepoint 33",NA,53,55
"1378","User #25328","Timepoint 34",NA,53,55
"1379","User #25328","Timepoint 35",NA,53,55
"1380","User #25328","Timepoint 36",NA,53,55
"1381","User #25328","Timepoint 37",NA,53,55
"1382","User #25328","Timepoint 38",NA,53,55
"1383","User #25328","Timepoint 39",NA,53,55
"1384","User #25328","Timepoint 40",NA,53,55
"1385","User #25328","Timepoint 41",NA,53,55
"1386","User #25328","Timepoint 42",NA,53,55
"1387","User #25328","Timepoint 43",NA,53,55
"1388","User #25328","Timepoint 44",NA,53,55
"1389","User #25328","Timepoint 45",NA,53,55
"1390","User #25328","Timepoint 46",NA,53,55
"1391","User #25328","Timepoint 47",NA,53,55
"1392","User #25328","Timepoint 48",NA,53,55
"1393","User #25328","Timepoint 49",NA,53,55
"1394","User #25328","Timepoint 50",NA,53,55
"1395","User #25328","Timepoint 51",NA,53,55
"1396","User #25328","Timepoint 52",NA,53,55
"1397","User #25328","Timepoint 53",NA,53,55
"1398","User #25328","Timepoint 54",NA,53,55
"1399","User #25328","Timepoint 55",NA,53,55
"1400","User #25328","Timepoint 56",NA,53,55
"1401","User #25328","Timepoint 57",NA,53,55
"1402","User #25328","Timepoint 58",NA,53,55
"1403","User #25328","Timepoint 59",NA,53,55
"1404","User #25328","Timepoint 60",NA,53,55
"1405","User #25328","Timepoint 61",NA,53,55
"1406","User #25328","Timepoint 62",NA,53,55
"1407","User #25328","Timepoint 63",NA,53,55
"1408","User #25328","Timepoint 64",NA,53,55
"1409","User #25333","Timepoint 1",0,53,55
"1410","User #25333","Timepoint 2",0,53,55
"1411","User #25333","Timepoint 3",0,53,55
"1412","User #25333","Timepoint 4",0,53,55
"1413","User #25333","Timepoint 5",0,53,55
"1414","User #25333","Timepoint 6",0,53,55
"1415","User #25333","Timepoint 7",0,53,55
"1416","User #25333","Timepoint 8",0,53,55
"1417","User #25333","Timepoint 9",0,53,55
"1418","User #25333","Timepoint 10",0,53,55
"1419","User #25333","Timepoint 11",0,53,55
"1420","User #25333","Timepoint 12",0,53,55
"1421","User #25333","Timepoint 13",0,53,55
"1422","User #25333","Timepoint 14",0,53,55
"1423","User #25333","Timepoint 15",0,53,55
"1424","User #25333","Timepoint 16",0,53,55
"1425","User #25333","Timepoint 17",NA,53,55
"1426","User #25333","Timepoint 18",NA,53,55
"1427","User #25333","Timepoint 19",NA,53,55
"1428","User #25333","Timepoint 20",NA,53,55
"1429","User #25333","Timepoint 21",NA,53,55
"1430","User #25333","Timepoint 22",NA,53,55
"1431","User #25333","Timepoint 23",NA,53,55
"1432","User #25333","Timepoint 24",NA,53,55
"1433","User #25333","Timepoint 25",NA,53,55
"1434","User #25333","Timepoint 26",NA,53,55
"1435","User #25333","Timepoint 27",NA,53,55
"1436","User #25333","Timepoint 28",NA,53,55
"1437","User #25333","Timepoint 29",NA,53,55
"1438","User #25333","Timepoint 30",NA,53,55
"1439","User #25333","Timepoint 31",NA,53,55
"1440","User #25333","Timepoint 32",NA,53,55
"1441","User #25333","Timepoint 33",NA,53,55
"1442","User #25333","Timepoint 34",NA,53,55
"1443","User #25333","Timepoint 35",NA,53,55
"1444","User #25333","Timepoint 36",NA,53,55
"1445","User #25333","Timepoint 37",NA,53,55
"1446","User #25333","Timepoint 38",NA,53,55
"1447","User #25333","Timepoint 39",NA,53,55
"1448","User #25333","Timepoint 40",NA,53,55
"1449","User #25333","Timepoint 41",NA,53,55
"1450","User #25333","Timepoint 42",NA,53,55
"1451","User #25333","Timepoint 43",NA,53,55
"1452","User #25333","Timepoint 44",NA,53,55
"1453","User #25333","Timepoint 45",NA,53,55
"1454","User #25333","Timepoint 46",NA,53,55
"1455","User #25333","Timepoint 47",NA,53,55
"1456","User #25333","Timepoint 48",NA,53,55
"1457","User #25333","Timepoint 49",NA,53,55
"1458","User #25333","Timepoint 50",NA,53,55
"1459","User #25333","Timepoint 51",NA,53,55
"1460","User #25333","Timepoint 52",NA,53,55
"1461","User #25333","Timepoint 53",NA,53,55
"1462","User #25333","Timepoint 54",NA,53,55
"1463","User #25333","Timepoint 55",NA,53,55
"1464","User #25333","Timepoint 56",NA,53,55
"1465","User #25333","Timepoint 57",NA,53,55
"1466","User #25333","Timepoint 58",NA,53,55
"1467","User #25333","Timepoint 59",NA,53,55
"1468","User #25333","Timepoint 60",NA,53,55
"1469","User #25333","Timepoint 61",NA,53,55
"1470","User #25333","Timepoint 62",NA,53,55
"1471","User #25333","Timepoint 63",NA,53,55
"1472","User #25333","Timepoint 64",NA,53,55
"1473","User #25292","Timepoint 1",0,53,55
"1474","User #25292","Timepoint 2",0,53,55
"1475","User #25292","Timepoint 3",0,53,55
"1476","User #25292","Timepoint 4",0,53,55
"1477","User #25292","Timepoint 5",0,53,55
"1478","User #25292","Timepoint 6",0,53,55
"1479","User #25292","Timepoint 7",0,53,55
"1480","User #25292","Timepoint 8",0,53,55
"1481","User #25292","Timepoint 9",0,53,55
"1482","User #25292","Timepoint 10",0,53,55
"1483","User #25292","Timepoint 11",0,53,55
"1484","User #25292","Timepoint 12",0,53,55
"1485","User #25292","Timepoint 13",0,53,55
"1486","User #25292","Timepoint 14",0,53,55
"1487","User #25292","Timepoint 15",0,53,55
"1488","User #25292","Timepoint 16",0,53,55
"1489","User #25292","Timepoint 17",NA,53,55
"1490","User #25292","Timepoint 18",NA,53,55
"1491","User #25292","Timepoint 19",NA,53,55
"1492","User #25292","Timepoint 20",NA,53,55
"1493","User #25292","Timepoint 21",NA,53,55
"1494","User #25292","Timepoint 22",NA,53,55
"1495","User #25292","Timepoint 23",NA,53,55
"1496","User #25292","Timepoint 24",NA,53,55
"1497","User #25292","Timepoint 25",NA,53,55
"1498","User #25292","Timepoint 26",NA,53,55
"1499","User #25292","Timepoint 27",NA,53,55
"1500","User #25292","Timepoint 28",NA,53,55
"1501","User #25292","Timepoint 29",NA,53,55
"1502","User #25292","Timepoint 30",NA,53,55
"1503","User #25292","Timepoint 31",NA,53,55
"1504","User #25292","Timepoint 32",NA,53,55
"1505","User #25292","Timepoint 33",NA,53,55
"1506","User #25292","Timepoint 34",NA,53,55
"1507","User #25292","Timepoint 35",NA,53,55
"1508","User #25292","Timepoint 36",NA,53,55
"1509","User #25292","Timepoint 37",NA,53,55
"1510","User #25292","Timepoint 38",NA,53,55
"1511","User #25292","Timepoint 39",NA,53,55
"1512","User #25292","Timepoint 40",NA,53,55
"1513","User #25292","Timepoint 41",NA,53,55
"1514","User #25292","Timepoint 42",NA,53,55
"1515","User #25292","Timepoint 43",NA,53,55
"1516","User #25292","Timepoint 44",NA,53,55
"1517","User #25292","Timepoint 45",NA,53,55
"1518","User #25292","Timepoint 46",NA,53,55
"1519","User #25292","Timepoint 47",NA,53,55
"1520","User #25292","Timepoint 48",NA,53,55
"1521","User #25292","Timepoint 49",NA,53,55
"1522","User #25292","Timepoint 50",NA,53,55
"1523","User #25292","Timepoint 51",NA,53,55
"1524","User #25292","Timepoint 52",NA,53,55
"1525","User #25292","Timepoint 53",NA,53,55
"1526","User #25292","Timepoint 54",NA,53,55
"1527","User #25292","Timepoint 55",NA,53,55
"1528","User #25292","Timepoint 56",NA,53,55
"1529","User #25292","Timepoint 57",NA,53,55
"1530","User #25292","Timepoint 58",NA,53,55
"1531","User #25292","Timepoint 59",NA,53,55
"1532","User #25292","Timepoint 60",NA,53,55
"1533","User #25292","Timepoint 61",NA,53,55
"1534","User #25292","Timepoint 62",NA,53,55
"1535","User #25292","Timepoint 63",NA,53,55
"1536","User #25292","Timepoint 64",NA,53,55
"1537","User #25383","Timepoint 1",0,53,55
"1538","User #25383","Timepoint 2",0,53,55
"1539","User #25383","Timepoint 3",0,53,55
"1540","User #25383","Timepoint 4",0,53,55
"1541","User #25383","Timepoint 5",0,53,55
"1542","User #25383","Timepoint 6",0,53,55
"1543","User #25383","Timepoint 7",0,53,55
"1544","User #25383","Timepoint 8",0,53,55
"1545","User #25383","Timepoint 9",0,53,55
"1546","User #25383","Timepoint 10",0,53,55
"1547","User #25383","Timepoint 11",0,53,55
"1548","User #25383","Timepoint 12",0,53,55
"1549","User #25383","Timepoint 13",0,53,55
"1550","User #25383","Timepoint 14",0,53,55
"1551","User #25383","Timepoint 15",0,53,55
"1552","User #25383","Timepoint 16",0,53,55
"1553","User #25383","Timepoint 17",NA,53,55
"1554","User #25383","Timepoint 18",NA,53,55
"1555","User #25383","Timepoint 19",NA,53,55
"1556","User #25383","Timepoint 20",NA,53,55
"1557","User #25383","Timepoint 21",NA,53,55
"1558","User #25383","Timepoint 22",NA,53,55
"1559","User #25383","Timepoint 23",NA,53,55
"1560","User #25383","Timepoint 24",NA,53,55
"1561","User #25383","Timepoint 25",NA,53,55
"1562","User #25383","Timepoint 26",NA,53,55
"1563","User #25383","Timepoint 27",NA,53,55
"1564","User #25383","Timepoint 28",NA,53,55
"1565","User #25383","Timepoint 29",NA,53,55
"1566","User #25383","Timepoint 30",NA,53,55
"1567","User #25383","Timepoint 31",NA,53,55
"1568","User #25383","Timepoint 32",NA,53,55
"1569","User #25383","Timepoint 33",NA,53,55
"1570","User #25383","Timepoint 34",NA,53,55
"1571","User #25383","Timepoint 35",NA,53,55
"1572","User #25383","Timepoint 36",NA,53,55
"1573","User #25383","Timepoint 37",NA,53,55
"1574","User #25383","Timepoint 38",NA,53,55
"1575","User #25383","Timepoint 39",NA,53,55
"1576","User #25383","Timepoint 40",NA,53,55
"1577","User #25383","Timepoint 41",NA,53,55
"1578","User #25383","Timepoint 42",NA,53,55
"1579","User #25383","Timepoint 43",NA,53,55
"1580","User #25383","Timepoint 44",NA,53,55
"1581","User #25383","Timepoint 45",NA,53,55
"1582","User #25383","Timepoint 46",NA,53,55
"1583","User #25383","Timepoint 47",NA,53,55
"1584","User #25383","Timepoint 48",NA,53,55
"1585","User #25383","Timepoint 49",NA,53,55
"1586","User #25383","Timepoint 50",NA,53,55
"1587","User #25383","Timepoint 51",NA,53,55
"1588","User #25383","Timepoint 52",NA,53,55
"1589","User #25383","Timepoint 53",NA,53,55
"1590","User #25383","Timepoint 54",NA,53,55
"1591","User #25383","Timepoint 55",NA,53,55
"1592","User #25383","Timepoint 56",NA,53,55
"1593","User #25383","Timepoint 57",NA,53,55
"1594","User #25383","Timepoint 58",NA,53,55
"1595","User #25383","Timepoint 59",NA,53,55
"1596","User #25383","Timepoint 60",NA,53,55
"1597","User #25383","Timepoint 61",NA,53,55
"1598","User #25383","Timepoint 62",NA,53,55
"1599","User #25383","Timepoint 63",NA,53,55
"1600","User #25383","Timepoint 64",NA,53,55
"1601","User #25334","Timepoint 1",0,53,55
"1602","User #25334","Timepoint 2",0,53,55
"1603","User #25334","Timepoint 3",0,53,55
"1604","User #25334","Timepoint 4",0,53,55
"1605","User #25334","Timepoint 5",0,53,55
"1606","User #25334","Timepoint 6",0,53,55
"1607","User #25334","Timepoint 7",0,53,55
"1608","User #25334","Timepoint 8",0,53,55
"1609","User #25334","Timepoint 9",0,53,55
"1610","User #25334","Timepoint 10",0,53,55
"1611","User #25334","Timepoint 11",0,53,55
"1612","User #25334","Timepoint 12",0,53,55
"1613","User #25334","Timepoint 13",0,53,55
"1614","User #25334","Timepoint 14",0,53,55
"1615","User #25334","Timepoint 15",0,53,55
"1616","User #25334","Timepoint 16",0,53,55
"1617","User #25334","Timepoint 17",NA,53,55
"1618","User #25334","Timepoint 18",NA,53,55
"1619","User #25334","Timepoint 19",NA,53,55
"1620","User #25334","Timepoint 20",NA,53,55
"1621","User #25334","Timepoint 21",NA,53,55
"1622","User #25334","Timepoint 22",NA,53,55
"1623","User #25334","Timepoint 23",NA,53,55
"1624","User #25334","Timepoint 24",NA,53,55
"1625","User #25334","Timepoint 25",NA,53,55
"1626","User #25334","Timepoint 26",NA,53,55
"1627","User #25334","Timepoint 27",NA,53,55
"1628","User #25334","Timepoint 28",NA,53,55
"1629","User #25334","Timepoint 29",NA,53,55
"1630","User #25334","Timepoint 30",NA,53,55
"1631","User #25334","Timepoint 31",NA,53,55
"1632","User #25334","Timepoint 32",NA,53,55
"1633","User #25334","Timepoint 33",NA,53,55
"1634","User #25334","Timepoint 34",NA,53,55
"1635","User #25334","Timepoint 35",NA,53,55
"1636","User #25334","Timepoint 36",NA,53,55
"1637","User #25334","Timepoint 37",NA,53,55
"1638","User #25334","Timepoint 38",NA,53,55
"1639","User #25334","Timepoint 39",NA,53,55
"1640","User #25334","Timepoint 40",NA,53,55
"1641","User #25334","Timepoint 41",NA,53,55
"1642","User #25334","Timepoint 42",NA,53,55
"1643","User #25334","Timepoint 43",NA,53,55
"1644","User #25334","Timepoint 44",NA,53,55
"1645","User #25334","Timepoint 45",NA,53,55
"1646","User #25334","Timepoint 46",NA,53,55
"1647","User #25334","Timepoint 47",NA,53,55
"1648","User #25334","Timepoint 48",NA,53,55
"1649","User #25334","Timepoint 49",NA,53,55
"1650","User #25334","Timepoint 50",NA,53,55
"1651","User #25334","Timepoint 51",NA,53,55
"1652","User #25334","Timepoint 52",NA,53,55
"1653","User #25334","Timepoint 53",NA,53,55
"1654","User #25334","Timepoint 54",NA,53,55
"1655","User #25334","Timepoint 55",NA,53,55
"1656","User #25334","Timepoint 56",NA,53,55
"1657","User #25334","Timepoint 57",NA,53,55
"1658","User #25334","Timepoint 58",NA,53,55
"1659","User #25334","Timepoint 59",NA,53,55
"1660","User #25334","Timepoint 60",NA,53,55
"1661","User #25334","Timepoint 61",NA,53,55
"1662","User #25334","Timepoint 62",NA,53,55
"1663","User #25334","Timepoint 63",NA,53,55
"1664","User #25334","Timepoint 64",NA,53,55
"1665","User #25312","Timepoint 1",0,53,55
"1666","User #25312","Timepoint 2",0,53,55
"1667","User #25312","Timepoint 3",0,53,55
"1668","User #25312","Timepoint 4",0,53,55
"1669","User #25312","Timepoint 5",0,53,55
"1670","User #25312","Timepoint 6",0,53,55
"1671","User #25312","Timepoint 7",0,53,55
"1672","User #25312","Timepoint 8",0,53,55
"1673","User #25312","Timepoint 9",0,53,55
"1674","User #25312","Timepoint 10",0,53,55
"1675","User #25312","Timepoint 11",0,53,55
"1676","User #25312","Timepoint 12",0,53,55
"1677","User #25312","Timepoint 13",0,53,55
"1678","User #25312","Timepoint 14",0,53,55
"1679","User #25312","Timepoint 15",0,53,55
"1680","User #25312","Timepoint 16",0,53,55
"1681","User #25312","Timepoint 17",NA,53,55
"1682","User #25312","Timepoint 18",NA,53,55
"1683","User #25312","Timepoint 19",NA,53,55
"1684","User #25312","Timepoint 20",NA,53,55
"1685","User #25312","Timepoint 21",NA,53,55
"1686","User #25312","Timepoint 22",NA,53,55
"1687","User #25312","Timepoint 23",NA,53,55
"1688","User #25312","Timepoint 24",NA,53,55
"1689","User #25312","Timepoint 25",NA,53,55
"1690","User #25312","Timepoint 26",NA,53,55
"1691","User #25312","Timepoint 27",NA,53,55
"1692","User #25312","Timepoint 28",NA,53,55
"1693","User #25312","Timepoint 29",NA,53,55
"1694","User #25312","Timepoint 30",NA,53,55
"1695","User #25312","Timepoint 31",NA,53,55
"1696","User #25312","Timepoint 32",NA,53,55
"1697","User #25312","Timepoint 33",NA,53,55
"1698","User #25312","Timepoint 34",NA,53,55
"1699","User #25312","Timepoint 35",NA,53,55
"1700","User #25312","Timepoint 36",NA,53,55
"1701","User #25312","Timepoint 37",NA,53,55
"1702","User #25312","Timepoint 38",NA,53,55
"1703","User #25312","Timepoint 39",NA,53,55
"1704","User #25312","Timepoint 40",NA,53,55
"1705","User #25312","Timepoint 41",NA,53,55
"1706","User #25312","Timepoint 42",NA,53,55
"1707","User #25312","Timepoint 43",NA,53,55
"1708","User #25312","Timepoint 44",NA,53,55
"1709","User #25312","Timepoint 45",NA,53,55
"1710","User #25312","Timepoint 46",NA,53,55
"1711","User #25312","Timepoint 47",NA,53,55
"1712","User #25312","Timepoint 48",NA,53,55
"1713","User #25312","Timepoint 49",NA,53,55
"1714","User #25312","Timepoint 50",NA,53,55
"1715","User #25312","Timepoint 51",NA,53,55
"1716","User #25312","Timepoint 52",NA,53,55
"1717","User #25312","Timepoint 53",NA,53,55
"1718","User #25312","Timepoint 54",NA,53,55
"1719","User #25312","Timepoint 55",NA,53,55
"1720","User #25312","Timepoint 56",NA,53,55
"1721","User #25312","Timepoint 57",NA,53,55
"1722","User #25312","Timepoint 58",NA,53,55
"1723","User #25312","Timepoint 59",NA,53,55
"1724","User #25312","Timepoint 60",NA,53,55
"1725","User #25312","Timepoint 61",NA,53,55
"1726","User #25312","Timepoint 62",NA,53,55
"1727","User #25312","Timepoint 63",NA,53,55
"1728","User #25312","Timepoint 64",NA,53,55
"1729","User #25309","Timepoint 1",0,53,55
"1730","User #25309","Timepoint 2",0,53,55
"1731","User #25309","Timepoint 3",0,53,55
"1732","User #25309","Timepoint 4",0,53,55
"1733","User #25309","Timepoint 5",0,53,55
"1734","User #25309","Timepoint 6",0,53,55
"1735","User #25309","Timepoint 7",0,53,55
"1736","User #25309","Timepoint 8",0,53,55
"1737","User #25309","Timepoint 9",0,53,55
"1738","User #25309","Timepoint 10",0,53,55
"1739","User #25309","Timepoint 11",0,53,55
"1740","User #25309","Timepoint 12",0,53,55
"1741","User #25309","Timepoint 13",0,53,55
"1742","User #25309","Timepoint 14",0,53,55
"1743","User #25309","Timepoint 15",0,53,55
"1744","User #25309","Timepoint 16",0,53,55
"1745","User #25309","Timepoint 17",NA,53,55
"1746","User #25309","Timepoint 18",NA,53,55
"1747","User #25309","Timepoint 19",NA,53,55
"1748","User #25309","Timepoint 20",NA,53,55
"1749","User #25309","Timepoint 21",NA,53,55
"1750","User #25309","Timepoint 22",NA,53,55
"1751","User #25309","Timepoint 23",NA,53,55
"1752","User #25309","Timepoint 24",NA,53,55
"1753","User #25309","Timepoint 25",NA,53,55
"1754","User #25309","Timepoint 26",NA,53,55
"1755","User #25309","Timepoint 27",NA,53,55
"1756","User #25309","Timepoint 28",NA,53,55
"1757","User #25309","Timepoint 29",NA,53,55
"1758","User #25309","Timepoint 30",NA,53,55
"1759","User #25309","Timepoint 31",NA,53,55
"1760","User #25309","Timepoint 32",NA,53,55
"1761","User #25309","Timepoint 33",NA,53,55
"1762","User #25309","Timepoint 34",NA,53,55
"1763","User #25309","Timepoint 35",NA,53,55
"1764","User #25309","Timepoint 36",NA,53,55
"1765","User #25309","Timepoint 37",NA,53,55
"1766","User #25309","Timepoint 38",NA,53,55
"1767","User #25309","Timepoint 39",NA,53,55
"1768","User #25309","Timepoint 40",NA,53,55
"1769","User #25309","Timepoint 41",NA,53,55
"1770","User #25309","Timepoint 42",NA,53,55
"1771","User #25309","Timepoint 43",NA,53,55
"1772","User #25309","Timepoint 44",NA,53,55
"1773","User #25309","Timepoint 45",NA,53,55
"1774","User #25309","Timepoint 46",NA,53,55
"1775","User #25309","Timepoint 47",NA,53,55
"1776","User #25309","Timepoint 48",NA,53,55
"1777","User #25309","Timepoint 49",NA,53,55
"1778","User #25309","Timepoint 50",NA,53,55
"1779","User #25309","Timepoint 51",NA,53,55
"1780","User #25309","Timepoint 52",NA,53,55
"1781","User #25309","Timepoint 53",NA,53,55
"1782","User #25309","Timepoint 54",NA,53,55
"1783","User #25309","Timepoint 55",NA,53,55
"1784","User #25309","Timepoint 56",NA,53,55
"1785","User #25309","Timepoint 57",NA,53,55
"1786","User #25309","Timepoint 58",NA,53,55
"1787","User #25309","Timepoint 59",NA,53,55
"1788","User #25309","Timepoint 60",NA,53,55
"1789","User #25309","Timepoint 61",NA,53,55
"1790","User #25309","Timepoint 62",NA,53,55
"1791","User #25309","Timepoint 63",NA,53,55
"1792","User #25309","Timepoint 64",NA,53,55
"1793","User #25333","Timepoint 1",0,53,55
"1794","User #25333","Timepoint 2",0,53,55
"1795","User #25333","Timepoint 3",0,53,55
"1796","User #25333","Timepoint 4",0,53,55
"1797","User #25333","Timepoint 5",0,53,55
"1798","User #25333","Timepoint 6",0,53,55
"1799","User #25333","Timepoint 7",0,53,55
"1800","User #25333","Timepoint 8",0,53,55
"1801","User #25333","Timepoint 9",0,53,55
"1802","User #25333","Timepoint 10",0,53,55
"1803","User #25333","Timepoint 11",0,53,55
"1804","User #25333","Timepoint 12",0,53,55
"1805","User #25333","Timepoint 13",0,53,55
"1806","User #25333","Timepoint 14",0,53,55
"1807","User #25333","Timepoint 15",0,53,55
"1808","User #25333","Timepoint 16",0,53,55
"1809","User #25333","Timepoint 17",NA,53,55
"1810","User #25333","Timepoint 18",NA,53,55
"1811","User #25333","Timepoint 19",NA,53,55
"1812","User #25333","Timepoint 20",NA,53,55
"1813","User #25333","Timepoint 21",NA,53,55
"1814","User #25333","Timepoint 22",NA,53,55
"1815","User #25333","Timepoint 23",NA,53,55
"1816","User #25333","Timepoint 24",NA,53,55
"1817","User #25333","Timepoint 25",NA,53,55
"1818","User #25333","Timepoint 26",NA,53,55
"1819","User #25333","Timepoint 27",NA,53,55
"1820","User #25333","Timepoint 28",NA,53,55
"1821","User #25333","Timepoint 29",NA,53,55
"1822","User #25333","Timepoint 30",NA,53,55
"1823","User #25333","Timepoint 31",NA,53,55
"1824","User #25333","Timepoint 32",NA,53,55
"1825","User #25333","Timepoint 33",NA,53,55
"1826","User #25333","Timepoint 34",NA,53,55
"1827","User #25333","Timepoint 35",NA,53,55
"1828","User #25333","Timepoint 36",NA,53,55
"1829","User #25333","Timepoint 37",NA,53,55
"1830","User #25333","Timepoint 38",NA,53,55
"1831","User #25333","Timepoint 39",NA,53,55
"1832","User #25333","Timepoint 40",NA,53,55
"1833","User #25333","Timepoint 41",NA,53,55
"1834","User #25333","Timepoint 42",NA,53,55
"1835","User #25333","Timepoint 43",NA,53,55
"1836","User #25333","Timepoint 44",NA,53,55
"1837","User #25333","Timepoint 45",NA,53,55
"1838","User #25333","Timepoint 46",NA,53,55
"1839","User #25333","Timepoint 47",NA,53,55
"1840","User #25333","Timepoint 48",NA,53,55
"1841","User #25333","Timepoint 49",NA,53,55
"1842","User #25333","Timepoint 50",NA,53,55
"1843","User #25333","Timepoint 51",NA,53,55
"1844","User #25333","Timepoint 52",NA,53,55
"1845","User #25333","Timepoint 53",NA,53,55
"1846","User #25333","Timepoint 54",NA,53,55
"1847","User #25333","Timepoint 55",NA,53,55
"1848","User #25333","Timepoint 56",NA,53,55
"1849","User #25333","Timepoint 57",NA,53,55
"1850","User #25333","Timepoint 58",NA,53,55
"1851","User #25333","Timepoint 59",NA,53,55
"1852","User #25333","Timepoint 60",NA,53,55
"1853","User #25333","Timepoint 61",NA,53,55
"1854","User #25333","Timepoint 62",NA,53,55
"1855","User #25333","Timepoint 63",NA,53,55
"1856","User #25333","Timepoint 64",NA,53,55
"1857","User #25312","Timepoint 1",0,53,55
"1858","User #25312","Timepoint 2",0,53,55
"1859","User #25312","Timepoint 3",0,53,55
"1860","User #25312","Timepoint 4",0,53,55
"1861","User #25312","Timepoint 5",0,53,55
"1862","User #25312","Timepoint 6",0,53,55
"1863","User #25312","Timepoint 7",0,53,55
"1864","User #25312","Timepoint 8",0,53,55
"1865","User #25312","Timepoint 9",0,53,55
"1866","User #25312","Timepoint 10",0,53,55
"1867","User #25312","Timepoint 11",0,53,55
"1868","User #25312","Timepoint 12",0,53,55
"1869","User #25312","Timepoint 13",0,53,55
"1870","User #25312","Timepoint 14",0,53,55
"1871","User #25312","Timepoint 15",0,53,55
"1872","User #25312","Timepoint 16",0,53,55
"1873","User #25312","Timepoint 17",NA,53,55
"1874","User #25312","Timepoint 18",NA,53,55
"1875","User #25312","Timepoint 19",NA,53,55
"1876","User #25312","Timepoint 20",NA,53,55
"1877","User #25312","Timepoint 21",NA,53,55
"1878","User #25312","Timepoint 22",NA,53,55
"1879","User #25312","Timepoint 23",NA,53,55
"1880","User #25312","Timepoint 24",NA,53,55
"1881","User #25312","Timepoint 25",NA,53,55
"1882","User #25312","Timepoint 26",NA,53,55
"1883","User #25312","Timepoint 27",NA,53,55
"1884","User #25312","Timepoint 28",NA,53,55
"1885","User #25312","Timepoint 29",NA,53,55
"1886","User #25312","Timepoint 30",NA,53,55
"1887","User #25312","Timepoint 31",NA,53,55
"1888","User #25312","Timepoint 32",NA,53,55
"1889","User #25312","Timepoint 33",NA,53,55
"1890","User #25312","Timepoint 34",NA,53,55
"1891","User #25312","Timepoint 35",NA,53,55
"1892","User #25312","Timepoint 36",NA,53,55
"1893","User #25312","Timepoint 37",NA,53,55
"1894","User #25312","Timepoint 38",NA,53,55
"1895","User #25312","Timepoint 39",NA,53,55
"1896","User #25312","Timepoint 40",NA,53,55
"1897","User #25312","Timepoint 41",NA,53,55
"1898","User #25312","Timepoint 42",NA,53,55
"1899","User #25312","Timepoint 43",NA,53,55
"1900","User #25312","Timepoint 44",NA,53,55
"1901","User #25312","Timepoint 45",NA,53,55
"1902","User #25312","Timepoint 46",NA,53,55
"1903","User #25312","Timepoint 47",NA,53,55
"1904","User #25312","Timepoint 48",NA,53,55
"1905","User #25312","Timepoint 49",NA,53,55
"1906","User #25312","Timepoint 50",NA,53,55
"1907","User #25312","Timepoint 51",NA,53,55
"1908","User #25312","Timepoint 52",NA,53,55
"1909","User #25312","Timepoint 53",NA,53,55
"1910","User #25312","Timepoint 54",NA,53,55
"1911","User #25312","Timepoint 55",NA,53,55
"1912","User #25312","Timepoint 56",NA,53,55
"1913","User #25312","Timepoint 57",NA,53,55
"1914","User #25312","Timepoint 58",NA,53,55
"1915","User #25312","Timepoint 59",NA,53,55
"1916","User #25312","Timepoint 60",NA,53,55
"1917","User #25312","Timepoint 61",NA,53,55
"1918","User #25312","Timepoint 62",NA,53,55
"1919","User #25312","Timepoint 63",NA,53,55
"1920","User #25312","Timepoint 64",NA,53,55
"1921","User #25311","Timepoint 1",0,53,55
"1922","User #25311","Timepoint 2",0,53,55
"1923","User #25311","Timepoint 3",0,53,55
"1924","User #25311","Timepoint 4",0,53,55
"1925","User #25311","Timepoint 5",0,53,55
"1926","User #25311","Timepoint 6",0,53,55
"1927","User #25311","Timepoint 7",0,53,55
"1928","User #25311","Timepoint 8",0,53,55
"1929","User #25311","Timepoint 9",0,53,55
"1930","User #25311","Timepoint 10",0,53,55
"1931","User #25311","Timepoint 11",0,53,55
"1932","User #25311","Timepoint 12",0,53,55
"1933","User #25311","Timepoint 13",0,53,55
"1934","User #25311","Timepoint 14",0,53,55
"1935","User #25311","Timepoint 15",0,53,55
"1936","User #25311","Timepoint 16",0,53,55
"1937","User #25311","Timepoint 17",NA,53,55
"1938","User #25311","Timepoint 18",NA,53,55
"1939","User #25311","Timepoint 19",NA,53,55
"1940","User #25311","Timepoint 20",NA,53,55
"1941","User #25311","Timepoint 21",NA,53,55
"1942","User #25311","Timepoint 22",NA,53,55
"1943","User #25311","Timepoint 23",NA,53,55
"1944","User #25311","Timepoint 24",NA,53,55
"1945","User #25311","Timepoint 25",NA,53,55
"1946","User #25311","Timepoint 26",NA,53,55
"1947","User #25311","Timepoint 27",NA,53,55
"1948","User #25311","Timepoint 28",NA,53,55
"1949","User #25311","Timepoint 29",NA,53,55
"1950","User #25311","Timepoint 30",NA,53,55
"1951","User #25311","Timepoint 31",NA,53,55
"1952","User #25311","Timepoint 32",NA,53,55
"1953","User #25311","Timepoint 33",NA,53,55
"1954","User #25311","Timepoint 34",NA,53,55
"1955","User #25311","Timepoint 35",NA,53,55
"1956","User #25311","Timepoint 36",NA,53,55
"1957","User #25311","Timepoint 37",NA,53,55
"1958","User #25311","Timepoint 38",NA,53,55
"1959","User #25311","Timepoint 39",NA,53,55
"1960","User #25311","Timepoint 40",NA,53,55
"1961","User #25311","Timepoint 41",NA,53,55
"1962","User #25311","Timepoint 42",NA,53,55
"1963","User #25311","Timepoint 43",NA,53,55
"1964","User #25311","Timepoint 44",NA,53,55
"1965","User #25311","Timepoint 45",NA,53,55
"1966","User #25311","Timepoint 46",NA,53,55
"1967","User #25311","Timepoint 47",NA,53,55
"1968","User #25311","Timepoint 48",NA,53,55
"1969","User #25311","Timepoint 49",NA,53,55
"1970","User #25311","Timepoint 50",NA,53,55
"1971","User #25311","Timepoint 51",NA,53,55
"1972","User #25311","Timepoint 52",NA,53,55
"1973","User #25311","Timepoint 53",NA,53,55
"1974","User #25311","Timepoint 54",NA,53,55
"1975","User #25311","Timepoint 55",NA,53,55
"1976","User #25311","Timepoint 56",NA,53,55
"1977","User #25311","Timepoint 57",NA,53,55
"1978","User #25311","Timepoint 58",NA,53,55
"1979","User #25311","Timepoint 59",NA,53,55
"1980","User #25311","Timepoint 60",NA,53,55
"1981","User #25311","Timepoint 61",NA,53,55
"1982","User #25311","Timepoint 62",NA,53,55
"1983","User #25311","Timepoint 63",NA,53,55
"1984","User #25311","Timepoint 64",NA,53,55
"1985","User #25385","Timepoint 1",0,53,55
"1986","User #25385","Timepoint 2",0,53,55
"1987","User #25385","Timepoint 3",0,53,55
"1988","User #25385","Timepoint 4",0,53,55
"1989","User #25385","Timepoint 5",0,53,55
"1990","User #25385","Timepoint 6",0,53,55
"1991","User #25385","Timepoint 7",0,53,55
"1992","User #25385","Timepoint 8",0,53,55
"1993","User #25385","Timepoint 9",0,53,55
"1994","User #25385","Timepoint 10",0,53,55
"1995","User #25385","Timepoint 11",0,53,55
"1996","User #25385","Timepoint 12",0,53,55
"1997","User #25385","Timepoint 13",0,53,55
"1998","User #25385","Timepoint 14",0,53,55
"1999","User #25385","Timepoint 15",0,53,55
"2000","User #25385","Timepoint 16",0,53,55
"2001","User #25385","Timepoint 17",NA,53,55
"2002","User #25385","Timepoint 18",NA,53,55
"2003","User #25385","Timepoint 19",NA,53,55
"2004","User #25385","Timepoint 20",NA,53,55
"2005","User #25385","Timepoint 21",NA,53,55
"2006","User #25385","Timepoint 22",NA,53,55
"2007","User #25385","Timepoint 23",NA,53,55
"2008","User #25385","Timepoint 24",NA,53,55
"2009","User #25385","Timepoint 25",NA,53,55
"2010","User #25385","Timepoint 26",NA,53,55
"2011","User #25385","Timepoint 27",NA,53,55
"2012","User #25385","Timepoint 28",NA,53,55
"2013","User #25385","Timepoint 29",NA,53,55
"2014","User #25385","Timepoint 30",NA,53,55
"2015","User #25385","Timepoint 31",NA,53,55
"2016","User #25385","Timepoint 32",NA,53,55
"2017","User #25385","Timepoint 33",NA,53,55
"2018","User #25385","Timepoint 34",NA,53,55
"2019","User #25385","Timepoint 35",NA,53,55
"2020","User #25385","Timepoint 36",NA,53,55
"2021","User #25385","Timepoint 37",NA,53,55
"2022","User #25385","Timepoint 38",NA,53,55
"2023","User #25385","Timepoint 39",NA,53,55
"2024","User #25385","Timepoint 40",NA,53,55
"2025","User #25385","Timepoint 41",NA,53,55
"2026","User #25385","Timepoint 42",NA,53,55
"2027","User #25385","Timepoint 43",NA,53,55
"2028","User #25385","Timepoint 44",NA,53,55
"2029","User #25385","Timepoint 45",NA,53,55
"2030","User #25385","Timepoint 46",NA,53,55
"2031","User #25385","Timepoint 47",NA,53,55
"2032","User #25385","Timepoint 48",NA,53,55
"2033","User #25385","Timepoint 49",NA,53,55
"2034","User #25385","Timepoint 50",NA,53,55
"2035","User #25385","Timepoint 51",NA,53,55
"2036","User #25385","Timepoint 52",NA,53,55
"2037","User #25385","Timepoint 53",NA,53,55
"2038","User #25385","Timepoint 54",NA,53,55
"2039","User #25385","Timepoint 55",NA,53,55
"2040","User #25385","Timepoint 56",NA,53,55
"2041","User #25385","Timepoint 57",NA,53,55
"2042","User #25385","Timepoint 58",NA,53,55
"2043","User #25385","Timepoint 59",NA,53,55
"2044","User #25385","Timepoint 60",NA,53,55
"2045","User #25385","Timepoint 61",NA,53,55
"2046","User #25385","Timepoint 62",NA,53,55
"2047","User #25385","Timepoint 63",NA,53,55
"2048","User #25385","Timepoint 64",NA,53,55
"2049","User #25348","Timepoint 1",0,53,55
"2050","User #25348","Timepoint 2",0,53,55
"2051","User #25348","Timepoint 3",0,53,55
"2052","User #25348","Timepoint 4",0,53,55
"2053","User #25348","Timepoint 5",0,53,55
"2054","User #25348","Timepoint 6",0,53,55
"2055","User #25348","Timepoint 7",0,53,55
"2056","User #25348","Timepoint 8",0,53,55
"2057","User #25348","Timepoint 9",0,53,55
"2058","User #25348","Timepoint 10",0,53,55
"2059","User #25348","Timepoint 11",0,53,55
"2060","User #25348","Timepoint 12",0,53,55
"2061","User #25348","Timepoint 13",0,53,55
"2062","User #25348","Timepoint 14",0,53,55
"2063","User #25348","Timepoint 15",0,53,55
"2064","User #25348","Timepoint 16",0,53,55
"2065","User #25348","Timepoint 17",NA,53,55
"2066","User #25348","Timepoint 18",NA,53,55
"2067","User #25348","Timepoint 19",NA,53,55
"2068","User #25348","Timepoint 20",NA,53,55
"2069","User #25348","Timepoint 21",NA,53,55
"2070","User #25348","Timepoint 22",NA,53,55
"2071","User #25348","Timepoint 23",NA,53,55
"2072","User #25348","Timepoint 24",NA,53,55
"2073","User #25348","Timepoint 25",NA,53,55
"2074","User #25348","Timepoint 26",NA,53,55
"2075","User #25348","Timepoint 27",NA,53,55
"2076","User #25348","Timepoint 28",NA,53,55
"2077","User #25348","Timepoint 29",NA,53,55
"2078","User #25348","Timepoint 30",NA,53,55
"2079","User #25348","Timepoint 31",NA,53,55
"2080","User #25348","Timepoint 32",NA,53,55
"2081","User #25348","Timepoint 33",NA,53,55
"2082","User #25348","Timepoint 34",NA,53,55
"2083","User #25348","Timepoint 35",NA,53,55
"2084","User #25348","Timepoint 36",NA,53,55
"2085","User #25348","Timepoint 37",NA,53,55
"2086","User #25348","Timepoint 38",NA,53,55
"2087","User #25348","Timepoint 39",NA,53,55
"2088","User #25348","Timepoint 40",NA,53,55
"2089","User #25348","Timepoint 41",NA,53,55
"2090","User #25348","Timepoint 42",NA,53,55
"2091","User #25348","Timepoint 43",NA,53,55
"2092","User #25348","Timepoint 44",NA,53,55
"2093","User #25348","Timepoint 45",NA,53,55
"2094","User #25348","Timepoint 46",NA,53,55
"2095","User #25348","Timepoint 47",NA,53,55
"2096","User #25348","Timepoint 48",NA,53,55
"2097","User #25348","Timepoint 49",NA,53,55
"2098","User #25348","Timepoint 50",NA,53,55
"2099","User #25348","Timepoint 51",NA,53,55
"2100","User #25348","Timepoint 52",NA,53,55
"2101","User #25348","Timepoint 53",NA,53,55
"2102","User #25348","Timepoint 54",NA,53,55
"2103","User #25348","Timepoint 55",NA,53,55
"2104","User #25348","Timepoint 56",NA,53,55
"2105","User #25348","Timepoint 57",NA,53,55
"2106","User #25348","Timepoint 58",NA,53,55
"2107","User #25348","Timepoint 59",NA,53,55
"2108","User #25348","Timepoint 60",NA,53,55
"2109","User #25348","Timepoint 61",NA,53,55
"2110","User #25348","Timepoint 62",NA,53,55
"2111","User #25348","Timepoint 63",NA,53,55
"2112","User #25348","Timepoint 64",NA,53,55
"2113","User #25368","Timepoint 1",0,53,55
"2114","User #25368","Timepoint 2",0,53,55
"2115","User #25368","Timepoint 3",0,53,55
"2116","User #25368","Timepoint 4",0,53,55
"2117","User #25368","Timepoint 5",0,53,55
"2118","User #25368","Timepoint 6",0,53,55
"2119","User #25368","Timepoint 7",0,53,55
"2120","User #25368","Timepoint 8",0,53,55
"2121","User #25368","Timepoint 9",0,53,55
"2122","User #25368","Timepoint 10",0,53,55
"2123","User #25368","Timepoint 11",0,53,55
"2124","User #25368","Timepoint 12",0,53,55
"2125","User #25368","Timepoint 13",0,53,55
"2126","User #25368","Timepoint 14",0,53,55
"2127","User #25368","Timepoint 15",0,53,55
"2128","User #25368","Timepoint 16",0,53,55
"2129","User #25368","Timepoint 17",NA,53,55
"2130","User #25368","Timepoint 18",NA,53,55
"2131","User #25368","Timepoint 19",NA,53,55
"2132","User #25368","Timepoint 20",NA,53,55
"2133","User #25368","Timepoint 21",NA,53,55
"2134","User #25368","Timepoint 22",NA,53,55
"2135","User #25368","Timepoint 23",NA,53,55
"2136","User #25368","Timepoint 24",NA,53,55
"2137","User #25368","Timepoint 25",NA,53,55
"2138","User #25368","Timepoint 26",NA,53,55
"2139","User #25368","Timepoint 27",NA,53,55
"2140","User #25368","Timepoint 28",NA,53,55
"2141","User #25368","Timepoint 29",NA,53,55
"2142","User #25368","Timepoint 30",NA,53,55
"2143","User #25368","Timepoint 31",NA,53,55
"2144","User #25368","Timepoint 32",NA,53,55
"2145","User #25368","Timepoint 33",NA,53,55
"2146","User #25368","Timepoint 34",NA,53,55
"2147","User #25368","Timepoint 35",NA,53,55
"2148","User #25368","Timepoint 36",NA,53,55
"2149","User #25368","Timepoint 37",NA,53,55
"2150","User #25368","Timepoint 38",NA,53,55
"2151","User #25368","Timepoint 39",NA,53,55
"2152","User #25368","Timepoint 40",NA,53,55
"2153","User #25368","Timepoint 41",NA,53,55
"2154","User #25368","Timepoint 42",NA,53,55
"2155","User #25368","Timepoint 43",NA,53,55
"2156","User #25368","Timepoint 44",NA,53,55
"2157","User #25368","Timepoint 45",NA,53,55
"2158","User #25368","Timepoint 46",NA,53,55
"2159","User #25368","Timepoint 47",NA,53,55
"2160","User #25368","Timepoint 48",NA,53,55
"2161","User #25368","Timepoint 49",NA,53,55
"2162","User #25368","Timepoint 50",NA,53,55
"2163","User #25368","Timepoint 51",NA,53,55
"2164","User #25368","Timepoint 52",NA,53,55
"2165","User #25368","Timepoint 53",NA,53,55
"2166","User #25368","Timepoint 54",NA,53,55
"2167","User #25368","Timepoint 55",NA,53,55
"2168","User #25368","Timepoint 56",NA,53,55
"2169","User #25368","Timepoint 57",NA,53,55
"2170","User #25368","Timepoint 58",NA,53,55
"2171","User #25368","Timepoint 59",NA,53,55
"2172","User #25368","Timepoint 60",NA,53,55
"2173","User #25368","Timepoint 61",NA,53,55
"2174","User #25368","Timepoint 62",NA,53,55
"2175","User #25368","Timepoint 63",NA,53,55
"2176","User #25368","Timepoint 64",NA,53,55
"2177","User #25322","Timepoint 1",0,53,55
"2178","User #25322","Timepoint 2",0,53,55
"2179","User #25322","Timepoint 3",0,53,55
"2180","User #25322","Timepoint 4",0,53,55
"2181","User #25322","Timepoint 5",0,53,55
"2182","User #25322","Timepoint 6",0,53,55
"2183","User #25322","Timepoint 7",0,53,55
"2184","User #25322","Timepoint 8",0,53,55
"2185","User #25322","Timepoint 9",0,53,55
"2186","User #25322","Timepoint 10",0,53,55
"2187","User #25322","Timepoint 11",0,53,55
"2188","User #25322","Timepoint 12",0,53,55
"2189","User #25322","Timepoint 13",0,53,55
"2190","User #25322","Timepoint 14",0,53,55
"2191","User #25322","Timepoint 15",0,53,55
"2192","User #25322","Timepoint 16",0,53,55
"2193","User #25322","Timepoint 17",NA,53,55
"2194","User #25322","Timepoint 18",NA,53,55
"2195","User #25322","Timepoint 19",NA,53,55
"2196","User #25322","Timepoint 20",NA,53,55
"2197","User #25322","Timepoint 21",NA,53,55
"2198","User #25322","Timepoint 22",NA,53,55
"2199","User #25322","Timepoint 23",NA,53,55
"2200","User #25322","Timepoint 24",NA,53,55
"2201","User #25322","Timepoint 25",NA,53,55
"2202","User #25322","Timepoint 26",NA,53,55
"2203","User #25322","Timepoint 27",NA,53,55
"2204","User #25322","Timepoint 28",NA,53,55
"2205","User #25322","Timepoint 29",NA,53,55
"2206","User #25322","Timepoint 30",NA,53,55
"2207","User #25322","Timepoint 31",NA,53,55
"2208","User #25322","Timepoint 32",NA,53,55
"2209","User #25322","Timepoint 33",NA,53,55
"2210","User #25322","Timepoint 34",NA,53,55
"2211","User #25322","Timepoint 35",NA,53,55
"2212","User #25322","Timepoint 36",NA,53,55
"2213","User #25322","Timepoint 37",NA,53,55
"2214","User #25322","Timepoint 38",NA,53,55
"2215","User #25322","Timepoint 39",NA,53,55
"2216","User #25322","Timepoint 40",NA,53,55
"2217","User #25322","Timepoint 41",NA,53,55
"2218","User #25322","Timepoint 42",NA,53,55
"2219","User #25322","Timepoint 43",NA,53,55
"2220","User #25322","Timepoint 44",NA,53,55
"2221","User #25322","Timepoint 45",NA,53,55
"2222","User #25322","Timepoint 46",NA,53,55
"2223","User #25322","Timepoint 47",NA,53,55
"2224","User #25322","Timepoint 48",NA,53,55
"2225","User #25322","Timepoint 49",NA,53,55
"2226","User #25322","Timepoint 50",NA,53,55
"2227","User #25322","Timepoint 51",NA,53,55
"2228","User #25322","Timepoint 52",NA,53,55
"2229","User #25322","Timepoint 53",NA,53,55
"2230","User #25322","Timepoint 54",NA,53,55
"2231","User #25322","Timepoint 55",NA,53,55
"2232","User #25322","Timepoint 56",NA,53,55
"2233","User #25322","Timepoint 57",NA,53,55
"2234","User #25322","Timepoint 58",NA,53,55
"2235","User #25322","Timepoint 59",NA,53,55
"2236","User #25322","Timepoint 60",NA,53,55
"2237","User #25322","Timepoint 61",NA,53,55
"2238","User #25322","Timepoint 62",NA,53,55
"2239","User #25322","Timepoint 63",NA,53,55
"2240","User #25322","Timepoint 64",NA,53,55
"2241","User #25362","Timepoint 1",0,53,55
"2242","User #25362","Timepoint 2",0,53,55
"2243","User #25362","Timepoint 3",0,53,55
"2244","User #25362","Timepoint 4",0,53,55
"2245","User #25362","Timepoint 5",0,53,55
"2246","User #25362","Timepoint 6",0,53,55
"2247","User #25362","Timepoint 7",0,53,55
"2248","User #25362","Timepoint 8",0,53,55
"2249","User #25362","Timepoint 9",0,53,55
"2250","User #25362","Timepoint 10",0,53,55
"2251","User #25362","Timepoint 11",0,53,55
"2252","User #25362","Timepoint 12",0,53,55
"2253","User #25362","Timepoint 13",0,53,55
"2254","User #25362","Timepoint 14",0,53,55
"2255","User #25362","Timepoint 15",0,53,55
"2256","User #25362","Timepoint 16",0,53,55
"2257","User #25362","Timepoint 17",NA,53,55
"2258","User #25362","Timepoint 18",NA,53,55
"2259","User #25362","Timepoint 19",NA,53,55
"2260","User #25362","Timepoint 20",NA,53,55
"2261","User #25362","Timepoint 21",NA,53,55
"2262","User #25362","Timepoint 22",NA,53,55
"2263","User #25362","Timepoint 23",NA,53,55
"2264","User #25362","Timepoint 24",NA,53,55
"2265","User #25362","Timepoint 25",NA,53,55
"2266","User #25362","Timepoint 26",NA,53,55
"2267","User #25362","Timepoint 27",NA,53,55
"2268","User #25362","Timepoint 28",NA,53,55
"2269","User #25362","Timepoint 29",NA,53,55
"2270","User #25362","Timepoint 30",NA,53,55
"2271","User #25362","Timepoint 31",NA,53,55
"2272","User #25362","Timepoint 32",NA,53,55
"2273","User #25362","Timepoint 33",NA,53,55
"2274","User #25362","Timepoint 34",NA,53,55
"2275","User #25362","Timepoint 35",NA,53,55
"2276","User #25362","Timepoint 36",NA,53,55
"2277","User #25362","Timepoint 37",NA,53,55
"2278","User #25362","Timepoint 38",NA,53,55
"2279","User #25362","Timepoint 39",NA,53,55
"2280","User #25362","Timepoint 40",NA,53,55
"2281","User #25362","Timepoint 41",NA,53,55
"2282","User #25362","Timepoint 42",NA,53,55
"2283","User #25362","Timepoint 43",NA,53,55
"2284","User #25362","Timepoint 44",NA,53,55
"2285","User #25362","Timepoint 45",NA,53,55
"2286","User #25362","Timepoint 46",NA,53,55
"2287","User #25362","Timepoint 47",NA,53,55
"2288","User #25362","Timepoint 48",NA,53,55
"2289","User #25362","Timepoint 49",NA,53,55
"2290","User #25362","Timepoint 50",NA,53,55
"2291","User #25362","Timepoint 51",NA,53,55
"2292","User #25362","Timepoint 52",NA,53,55
"2293","User #25362","Timepoint 53",NA,53,55
"2294","User #25362","Timepoint 54",NA,53,55
"2295","User #25362","Timepoint 55",NA,53,55
"2296","User #25362","Timepoint 56",NA,53,55
"2297","User #25362","Timepoint 57",NA,53,55
"2298","User #25362","Timepoint 58",NA,53,55
"2299","User #25362","Timepoint 59",NA,53,55
"2300","User #25362","Timepoint 60",NA,53,55
"2301","User #25362","Timepoint 61",NA,53,55
"2302","User #25362","Timepoint 62",NA,53,55
"2303","User #25362","Timepoint 63",NA,53,55
"2304","User #25362","Timepoint 64",NA,53,55
"2305","User #25292","Timepoint 1",0,53,55
"2306","User #25292","Timepoint 2",0,53,55
"2307","User #25292","Timepoint 3",0,53,55
"2308","User #25292","Timepoint 4",0,53,55
"2309","User #25292","Timepoint 5",0,53,55
"2310","User #25292","Timepoint 6",0,53,55
"2311","User #25292","Timepoint 7",0,53,55
"2312","User #25292","Timepoint 8",0,53,55
"2313","User #25292","Timepoint 9",0,53,55
"2314","User #25292","Timepoint 10",0,53,55
"2315","User #25292","Timepoint 11",0,53,55
"2316","User #25292","Timepoint 12",0,53,55
"2317","User #25292","Timepoint 13",0,53,55
"2318","User #25292","Timepoint 14",0,53,55
"2319","User #25292","Timepoint 15",0,53,55
"2320","User #25292","Timepoint 16",0,53,55
"2321","User #25292","Timepoint 17",NA,53,55
"2322","User #25292","Timepoint 18",NA,53,55
"2323","User #25292","Timepoint 19",NA,53,55
"2324","User #25292","Timepoint 20",NA,53,55
"2325","User #25292","Timepoint 21",NA,53,55
"2326","User #25292","Timepoint 22",NA,53,55
"2327","User #25292","Timepoint 23",NA,53,55
"2328","User #25292","Timepoint 24",NA,53,55
"2329","User #25292","Timepoint 25",NA,53,55
"2330","User #25292","Timepoint 26",NA,53,55
"2331","User #25292","Timepoint 27",NA,53,55
"2332","User #25292","Timepoint 28",NA,53,55
"2333","User #25292","Timepoint 29",NA,53,55
"2334","User #25292","Timepoint 30",NA,53,55
"2335","User #25292","Timepoint 31",NA,53,55
"2336","User #25292","Timepoint 32",NA,53,55
"2337","User #25292","Timepoint 33",NA,53,55
"2338","User #25292","Timepoint 34",NA,53,55
"2339","User #25292","Timepoint 35",NA,53,55
"2340","User #25292","Timepoint 36",NA,53,55
"2341","User #25292","Timepoint 37",NA,53,55
"2342","User #25292","Timepoint 38",NA,53,55
"2343","User #25292","Timepoint 39",NA,53,55
"2344","User #25292","Timepoint 40",NA,53,55
"2345","User #25292","Timepoint 41",NA,53,55
"2346","User #25292","Timepoint 42",NA,53,55
"2347","User #25292","Timepoint 43",NA,53,55
"2348","User #25292","Timepoint 44",NA,53,55
"2349","User #25292","Timepoint 45",NA,53,55
"2350","User #25292","Timepoint 46",NA,53,55
"2351","User #25292","Timepoint 47",NA,53,55
"2352","User #25292","Timepoint 48",NA,53,55
"2353","User #25292","Timepoint 49",NA,53,55
"2354","User #25292","Timepoint 50",NA,53,55
"2355","User #25292","Timepoint 51",NA,53,55
"2356","User #25292","Timepoint 52",NA,53,55
"2357","User #25292","Timepoint 53",NA,53,55
"2358","User #25292","Timepoint 54",NA,53,55
"2359","User #25292","Timepoint 55",NA,53,55
"2360","User #25292","Timepoint 56",NA,53,55
"2361","User #25292","Timepoint 57",NA,53,55
"2362","User #25292","Timepoint 58",NA,53,55
"2363","User #25292","Timepoint 59",NA,53,55
"2364","User #25292","Timepoint 60",NA,53,55
"2365","User #25292","Timepoint 61",NA,53,55
"2366","User #25292","Timepoint 62",NA,53,55
"2367","User #25292","Timepoint 63",NA,53,55
"2368","User #25292","Timepoint 64",NA,53,55
"2369","User #25386","Timepoint 1",0,53,55
"2370","User #25386","Timepoint 2",0,53,55
"2371","User #25386","Timepoint 3",0,53,55
"2372","User #25386","Timepoint 4",0,53,55
"2373","User #25386","Timepoint 5",0,53,55
"2374","User #25386","Timepoint 6",0,53,55
"2375","User #25386","Timepoint 7",0,53,55
"2376","User #25386","Timepoint 8",0,53,55
"2377","User #25386","Timepoint 9",0,53,55
"2378","User #25386","Timepoint 10",0,53,55
"2379","User #25386","Timepoint 11",0,53,55
"2380","User #25386","Timepoint 12",0,53,55
"2381","User #25386","Timepoint 13",0,53,55
"2382","User #25386","Timepoint 14",0,53,55
"2383","User #25386","Timepoint 15",0,53,55
"2384","User #25386","Timepoint 16",0,53,55
"2385","User #25386","Timepoint 17",NA,53,55
"2386","User #25386","Timepoint 18",NA,53,55
"2387","User #25386","Timepoint 19",NA,53,55
"2388","User #25386","Timepoint 20",NA,53,55
"2389","User #25386","Timepoint 21",NA,53,55
"2390","User #25386","Timepoint 22",NA,53,55
"2391","User #25386","Timepoint 23",NA,53,55
"2392","User #25386","Timepoint 24",NA,53,55
"2393","User #25386","Timepoint 25",NA,53,55
"2394","User #25386","Timepoint 26",NA,53,55
"2395","User #25386","Timepoint 27",NA,53,55
"2396","User #25386","Timepoint 28",NA,53,55
"2397","User #25386","Timepoint 29",NA,53,55
"2398","User #25386","Timepoint 30",NA,53,55
"2399","User #25386","Timepoint 31",NA,53,55
"2400","User #25386","Timepoint 32",NA,53,55
"2401","User #25386","Timepoint 33",NA,53,55
"2402","User #25386","Timepoint 34",NA,53,55
"2403","User #25386","Timepoint 35",NA,53,55
"2404","User #25386","Timepoint 36",NA,53,55
"2405","User #25386","Timepoint 37",NA,53,55
"2406","User #25386","Timepoint 38",NA,53,55
"2407","User #25386","Timepoint 39",NA,53,55
"2408","User #25386","Timepoint 40",NA,53,55
"2409","User #25386","Timepoint 41",NA,53,55
"2410","User #25386","Timepoint 42",NA,53,55
"2411","User #25386","Timepoint 43",NA,53,55
"2412","User #25386","Timepoint 44",NA,53,55
"2413","User #25386","Timepoint 45",NA,53,55
"2414","User #25386","Timepoint 46",NA,53,55
"2415","User #25386","Timepoint 47",NA,53,55
"2416","User #25386","Timepoint 48",NA,53,55
"2417","User #25386","Timepoint 49",NA,53,55
"2418","User #25386","Timepoint 50",NA,53,55
"2419","User #25386","Timepoint 51",NA,53,55
"2420","User #25386","Timepoint 52",NA,53,55
"2421","User #25386","Timepoint 53",NA,53,55
"2422","User #25386","Timepoint 54",NA,53,55
"2423","User #25386","Timepoint 55",NA,53,55
"2424","User #25386","Timepoint 56",NA,53,55
"2425","User #25386","Timepoint 57",NA,53,55
"2426","User #25386","Timepoint 58",NA,53,55
"2427","User #25386","Timepoint 59",NA,53,55
"2428","User #25386","Timepoint 60",NA,53,55
"2429","User #25386","Timepoint 61",NA,53,55
"2430","User #25386","Timepoint 62",NA,53,55
"2431","User #25386","Timepoint 63",NA,53,55
"2432","User #25386","Timepoint 64",NA,53,55
"2433","User #25394","Timepoint 1",0,53,55
"2434","User #25394","Timepoint 2",0,53,55
"2435","User #25394","Timepoint 3",0,53,55
"2436","User #25394","Timepoint 4",0,53,55
"2437","User #25394","Timepoint 5",0,53,55
"2438","User #25394","Timepoint 6",0,53,55
"2439","User #25394","Timepoint 7",0,53,55
"2440","User #25394","Timepoint 8",0,53,55
"2441","User #25394","Timepoint 9",0,53,55
"2442","User #25394","Timepoint 10",0,53,55
"2443","User #25394","Timepoint 11",0,53,55
"2444","User #25394","Timepoint 12",0,53,55
"2445","User #25394","Timepoint 13",0,53,55
"2446","User #25394","Timepoint 14",0,53,55
"2447","User #25394","Timepoint 15",0,53,55
"2448","User #25394","Timepoint 16",0,53,55
"2449","User #25394","Timepoint 17",NA,53,55
"2450","User #25394","Timepoint 18",NA,53,55
"2451","User #25394","Timepoint 19",NA,53,55
"2452","User #25394","Timepoint 20",NA,53,55
"2453","User #25394","Timepoint 21",NA,53,55
"2454","User #25394","Timepoint 22",NA,53,55
"2455","User #25394","Timepoint 23",NA,53,55
"2456","User #25394","Timepoint 24",NA,53,55
"2457","User #25394","Timepoint 25",NA,53,55
"2458","User #25394","Timepoint 26",NA,53,55
"2459","User #25394","Timepoint 27",NA,53,55
"2460","User #25394","Timepoint 28",NA,53,55
"2461","User #25394","Timepoint 29",NA,53,55
"2462","User #25394","Timepoint 30",NA,53,55
"2463","User #25394","Timepoint 31",NA,53,55
"2464","User #25394","Timepoint 32",NA,53,55
"2465","User #25394","Timepoint 33",NA,53,55
"2466","User #25394","Timepoint 34",NA,53,55
"2467","User #25394","Timepoint 35",NA,53,55
"2468","User #25394","Timepoint 36",NA,53,55
"2469","User #25394","Timepoint 37",NA,53,55
"2470","User #25394","Timepoint 38",NA,53,55
"2471","User #25394","Timepoint 39",NA,53,55
"2472","User #25394","Timepoint 40",NA,53,55
"2473","User #25394","Timepoint 41",NA,53,55
"2474","User #25394","Timepoint 42",NA,53,55
"2475","User #25394","Timepoint 43",NA,53,55
"2476","User #25394","Timepoint 44",NA,53,55
"2477","User #25394","Timepoint 45",NA,53,55
"2478","User #25394","Timepoint 46",NA,53,55
"2479","User #25394","Timepoint 47",NA,53,55
"2480","User #25394","Timepoint 48",NA,53,55
"2481","User #25394","Timepoint 49",NA,53,55
"2482","User #25394","Timepoint 50",NA,53,55
"2483","User #25394","Timepoint 51",NA,53,55
"2484","User #25394","Timepoint 52",NA,53,55
"2485","User #25394","Timepoint 53",NA,53,55
"2486","User #25394","Timepoint 54",NA,53,55
"2487","User #25394","Timepoint 55",NA,53,55
"2488","User #25394","Timepoint 56",NA,53,55
"2489","User #25394","Timepoint 57",NA,53,55
"2490","User #25394","Timepoint 58",NA,53,55
"2491","User #25394","Timepoint 59",NA,53,55
"2492","User #25394","Timepoint 60",NA,53,55
"2493","User #25394","Timepoint 61",NA,53,55
"2494","User #25394","Timepoint 62",NA,53,55
"2495","User #25394","Timepoint 63",NA,53,55
"2496","User #25394","Timepoint 64",NA,53,55
"2497","User #25328","Timepoint 1",0,53,55
"2498","User #25328","Timepoint 2",0,53,55
"2499","User #25328","Timepoint 3",0,53,55
"2500","User #25328","Timepoint 4",0,53,55
"2501","User #25328","Timepoint 5",0,53,55
"2502","User #25328","Timepoint 6",0,53,55
"2503","User #25328","Timepoint 7",0,53,55
"2504","User #25328","Timepoint 8",0,53,55
"2505","User #25328","Timepoint 9",0,53,55
"2506","User #25328","Timepoint 10",0,53,55
"2507","User #25328","Timepoint 11",0,53,55
"2508","User #25328","Timepoint 12",0,53,55
"2509","User #25328","Timepoint 13",0,53,55
"2510","User #25328","Timepoint 14",0,53,55
"2511","User #25328","Timepoint 15",0,53,55
"2512","User #25328","Timepoint 16",0,53,55
"2513","User #25328","Timepoint 17",NA,53,55
"2514","User #25328","Timepoint 18",NA,53,55
"2515","User #25328","Timepoint 19",NA,53,55
"2516","User #25328","Timepoint 20",NA,53,55
"2517","User #25328","Timepoint 21",NA,53,55
"2518","User #25328","Timepoint 22",NA,53,55
"2519","User #25328","Timepoint 23",NA,53,55
"2520","User #25328","Timepoint 24",NA,53,55
"2521","User #25328","Timepoint 25",NA,53,55
"2522","User #25328","Timepoint 26",NA,53,55
"2523","User #25328","Timepoint 27",NA,53,55
"2524","User #25328","Timepoint 28",NA,53,55
"2525","User #25328","Timepoint 29",NA,53,55
"2526","User #25328","Timepoint 30",NA,53,55
"2527","User #25328","Timepoint 31",NA,53,55
"2528","User #25328","Timepoint 32",NA,53,55
"2529","User #25328","Timepoint 33",NA,53,55
"2530","User #25328","Timepoint 34",NA,53,55
"2531","User #25328","Timepoint 35",NA,53,55
"2532","User #25328","Timepoint 36",NA,53,55
"2533","User #25328","Timepoint 37",NA,53,55
"2534","User #25328","Timepoint 38",NA,53,55
"2535","User #25328","Timepoint 39",NA,53,55
"2536","User #25328","Timepoint 40",NA,53,55
"2537","User #25328","Timepoint 41",NA,53,55
"2538","User #25328","Timepoint 42",NA,53,55
"2539","User #25328","Timepoint 43",NA,53,55
"2540","User #25328","Timepoint 44",NA,53,55
"2541","User #25328","Timepoint 45",NA,53,55
"2542","User #25328","Timepoint 46",NA,53,55
"2543","User #25328","Timepoint 47",NA,53,55
"2544","User #25328","Timepoint 48",NA,53,55
"2545","User #25328","Timepoint 49",NA,53,55
"2546","User #25328","Timepoint 50",NA,53,55
"2547","User #25328","Timepoint 51",NA,53,55
"2548","User #25328","Timepoint 52",NA,53,55
"2549","User #25328","Timepoint 53",NA,53,55
"2550","User #25328","Timepoint 54",NA,53,55
"2551","User #25328","Timepoint 55",NA,53,55
"2552","User #25328","Timepoint 56",NA,53,55
"2553","User #25328","Timepoint 57",NA,53,55
"2554","User #25328","Timepoint 58",NA,53,55
"2555","User #25328","Timepoint 59",NA,53,55
"2556","User #25328","Timepoint 60",NA,53,55
"2557","User #25328","Timepoint 61",NA,53,55
"2558","User #25328","Timepoint 62",NA,53,55
"2559","User #25328","Timepoint 63",NA,53,55
"2560","User #25328","Timepoint 64",NA,53,55
"2561","User #25358","Timepoint 1",0,53,55
"2562","User #25358","Timepoint 2",0,53,55
"2563","User #25358","Timepoint 3",0,53,55
"2564","User #25358","Timepoint 4",0,53,55
"2565","User #25358","Timepoint 5",0,53,55
"2566","User #25358","Timepoint 6",0,53,55
"2567","User #25358","Timepoint 7",0,53,55
"2568","User #25358","Timepoint 8",0,53,55
"2569","User #25358","Timepoint 9",0,53,55
"2570","User #25358","Timepoint 10",0,53,55
"2571","User #25358","Timepoint 11",0,53,55
"2572","User #25358","Timepoint 12",0,53,55
"2573","User #25358","Timepoint 13",0,53,55
"2574","User #25358","Timepoint 14",0,53,55
"2575","User #25358","Timepoint 15",0,53,55
"2576","User #25358","Timepoint 16",0,53,55
"2577","User #25358","Timepoint 17",NA,53,55
"2578","User #25358","Timepoint 18",NA,53,55
"2579","User #25358","Timepoint 19",NA,53,55
"2580","User #25358","Timepoint 20",NA,53,55
"2581","User #25358","Timepoint 21",NA,53,55
"2582","User #25358","Timepoint 22",NA,53,55
"2583","User #25358","Timepoint 23",NA,53,55
"2584","User #25358","Timepoint 24",NA,53,55
"2585","User #25358","Timepoint 25",NA,53,55
"2586","User #25358","Timepoint 26",NA,53,55
"2587","User #25358","Timepoint 27",NA,53,55
"2588","User #25358","Timepoint 28",NA,53,55
"2589","User #25358","Timepoint 29",NA,53,55
"2590","User #25358","Timepoint 30",NA,53,55
"2591","User #25358","Timepoint 31",NA,53,55
"2592","User #25358","Timepoint 32",NA,53,55
"2593","User #25358","Timepoint 33",NA,53,55
"2594","User #25358","Timepoint 34",NA,53,55
"2595","User #25358","Timepoint 35",NA,53,55
"2596","User #25358","Timepoint 36",NA,53,55
"2597","User #25358","Timepoint 37",NA,53,55
"2598","User #25358","Timepoint 38",NA,53,55
"2599","User #25358","Timepoint 39",NA,53,55
"2600","User #25358","Timepoint 40",NA,53,55
"2601","User #25358","Timepoint 41",NA,53,55
"2602","User #25358","Timepoint 42",NA,53,55
"2603","User #25358","Timepoint 43",NA,53,55
"2604","User #25358","Timepoint 44",NA,53,55
"2605","User #25358","Timepoint 45",NA,53,55
"2606","User #25358","Timepoint 46",NA,53,55
"2607","User #25358","Timepoint 47",NA,53,55
"2608","User #25358","Timepoint 48",NA,53,55
"2609","User #25358","Timepoint 49",NA,53,55
"2610","User #25358","Timepoint 50",NA,53,55
"2611","User #25358","Timepoint 51",NA,53,55
"2612","User #25358","Timepoint 52",NA,53,55
"2613","User #25358","Timepoint 53",NA,53,55
"2614","User #25358","Timepoint 54",NA,53,55
"2615","User #25358","Timepoint 55",NA,53,55
"2616","User #25358","Timepoint 56",NA,53,55
"2617","User #25358","Timepoint 57",NA,53,55
"2618","User #25358","Timepoint 58",NA,53,55
"2619","User #25358","Timepoint 59",NA,53,55
"2620","User #25358","Timepoint 60",NA,53,55
"2621","User #25358","Timepoint 61",NA,53,55
"2622","User #25358","Timepoint 62",NA,53,55
"2623","User #25358","Timepoint 63",NA,53,55
"2624","User #25358","Timepoint 64",NA,53,55
"2625","User #25332","Timepoint 1",0,53,55
"2626","User #25332","Timepoint 2",0,53,55
"2627","User #25332","Timepoint 3",0,53,55
"2628","User #25332","Timepoint 4",0,53,55
"2629","User #25332","Timepoint 5",0,53,55
"2630","User #25332","Timepoint 6",0,53,55
"2631","User #25332","Timepoint 7",0,53,55
"2632","User #25332","Timepoint 8",0,53,55
"2633","User #25332","Timepoint 9",0,53,55
"2634","User #25332","Timepoint 10",0,53,55
"2635","User #25332","Timepoint 11",0,53,55
"2636","User #25332","Timepoint 12",0,53,55
"2637","User #25332","Timepoint 13",0,53,55
"2638","User #25332","Timepoint 14",0,53,55
"2639","User #25332","Timepoint 15",0,53,55
"2640","User #25332","Timepoint 16",0,53,55
"2641","User #25332","Timepoint 17",NA,53,55
"2642","User #25332","Timepoint 18",NA,53,55
"2643","User #25332","Timepoint 19",NA,53,55
"2644","User #25332","Timepoint 20",NA,53,55
"2645","User #25332","Timepoint 21",NA,53,55
"2646","User #25332","Timepoint 22",NA,53,55
"2647","User #25332","Timepoint 23",NA,53,55
"2648","User #25332","Timepoint 24",NA,53,55
"2649","User #25332","Timepoint 25",NA,53,55
"2650","User #25332","Timepoint 26",NA,53,55
"2651","User #25332","Timepoint 27",NA,53,55
"2652","User #25332","Timepoint 28",NA,53,55
"2653","User #25332","Timepoint 29",NA,53,55
"2654","User #25332","Timepoint 30",NA,53,55
"2655","User #25332","Timepoint 31",NA,53,55
"2656","User #25332","Timepoint 32",NA,53,55
"2657","User #25332","Timepoint 33",NA,53,55
"2658","User #25332","Timepoint 34",NA,53,55
"2659","User #25332","Timepoint 35",NA,53,55
"2660","User #25332","Timepoint 36",NA,53,55
"2661","User #25332","Timepoint 37",NA,53,55
"2662","User #25332","Timepoint 38",NA,53,55
"2663","User #25332","Timepoint 39",NA,53,55
"2664","User #25332","Timepoint 40",NA,53,55
"2665","User #25332","Timepoint 41",NA,53,55
"2666","User #25332","Timepoint 42",NA,53,55
"2667","User #25332","Timepoint 43",NA,53,55
"2668","User #25332","Timepoint 44",NA,53,55
"2669","User #25332","Timepoint 45",NA,53,55
"2670","User #25332","Timepoint 46",NA,53,55
"2671","User #25332","Timepoint 47",NA,53,55
"2672","User #25332","Timepoint 48",NA,53,55
"2673","User #25332","Timepoint 49",NA,53,55
"2674","User #25332","Timepoint 50",NA,53,55
"2675","User #25332","Timepoint 51",NA,53,55
"2676","User #25332","Timepoint 52",NA,53,55
"2677","User #25332","Timepoint 53",NA,53,55
"2678","User #25332","Timepoint 54",NA,53,55
"2679","User #25332","Timepoint 55",NA,53,55
"2680","User #25332","Timepoint 56",NA,53,55
"2681","User #25332","Timepoint 57",NA,53,55
"2682","User #25332","Timepoint 58",NA,53,55
"2683","User #25332","Timepoint 59",NA,53,55
"2684","User #25332","Timepoint 60",NA,53,55
"2685","User #25332","Timepoint 61",NA,53,55
"2686","User #25332","Timepoint 62",NA,53,55
"2687","User #25332","Timepoint 63",NA,53,55
"2688","User #25332","Timepoint 64",NA,53,55
"2689","User #25317","Timepoint 1",0,53,55
"2690","User #25317","Timepoint 2",0,53,55
"2691","User #25317","Timepoint 3",0,53,55
"2692","User #25317","Timepoint 4",0,53,55
"2693","User #25317","Timepoint 5",0,53,55
"2694","User #25317","Timepoint 6",0,53,55
"2695","User #25317","Timepoint 7",0,53,55
"2696","User #25317","Timepoint 8",0,53,55
"2697","User #25317","Timepoint 9",0,53,55
"2698","User #25317","Timepoint 10",0,53,55
"2699","User #25317","Timepoint 11",0,53,55
"2700","User #25317","Timepoint 12",0,53,55
"2701","User #25317","Timepoint 13",0,53,55
"2702","User #25317","Timepoint 14",0,53,55
"2703","User #25317","Timepoint 15",0,53,55
"2704","User #25317","Timepoint 16",0,53,55
"2705","User #25317","Timepoint 17",NA,53,55
"2706","User #25317","Timepoint 18",NA,53,55
"2707","User #25317","Timepoint 19",NA,53,55
"2708","User #25317","Timepoint 20",NA,53,55
"2709","User #25317","Timepoint 21",NA,53,55
"2710","User #25317","Timepoint 22",NA,53,55
"2711","User #25317","Timepoint 23",NA,53,55
"2712","User #25317","Timepoint 24",NA,53,55
"2713","User #25317","Timepoint 25",NA,53,55
"2714","User #25317","Timepoint 26",NA,53,55
"2715","User #25317","Timepoint 27",NA,53,55
"2716","User #25317","Timepoint 28",NA,53,55
"2717","User #25317","Timepoint 29",NA,53,55
"2718","User #25317","Timepoint 30",NA,53,55
"2719","User #25317","Timepoint 31",NA,53,55
"2720","User #25317","Timepoint 32",NA,53,55
"2721","User #25317","Timepoint 33",NA,53,55
"2722","User #25317","Timepoint 34",NA,53,55
"2723","User #25317","Timepoint 35",NA,53,55
"2724","User #25317","Timepoint 36",NA,53,55
"2725","User #25317","Timepoint 37",NA,53,55
"2726","User #25317","Timepoint 38",NA,53,55
"2727","User #25317","Timepoint 39",NA,53,55
"2728","User #25317","Timepoint 40",NA,53,55
"2729","User #25317","Timepoint 41",NA,53,55
"2730","User #25317","Timepoint 42",NA,53,55
"2731","User #25317","Timepoint 43",NA,53,55
"2732","User #25317","Timepoint 44",NA,53,55
"2733","User #25317","Timepoint 45",NA,53,55
"2734","User #25317","Timepoint 46",NA,53,55
"2735","User #25317","Timepoint 47",NA,53,55
"2736","User #25317","Timepoint 48",NA,53,55
"2737","User #25317","Timepoint 49",NA,53,55
"2738","User #25317","Timepoint 50",NA,53,55
"2739","User #25317","Timepoint 51",NA,53,55
"2740","User #25317","Timepoint 52",NA,53,55
"2741","User #25317","Timepoint 53",NA,53,55
"2742","User #25317","Timepoint 54",NA,53,55
"2743","User #25317","Timepoint 55",NA,53,55
"2744","User #25317","Timepoint 56",NA,53,55
"2745","User #25317","Timepoint 57",NA,53,55
"2746","User #25317","Timepoint 58",NA,53,55
"2747","User #25317","Timepoint 59",NA,53,55
"2748","User #25317","Timepoint 60",NA,53,55
"2749","User #25317","Timepoint 61",NA,53,55
"2750","User #25317","Timepoint 62",NA,53,55
"2751","User #25317","Timepoint 63",NA,53,55
"2752","User #25317","Timepoint 64",NA,53,55
"2753","User #25378","Timepoint 1",0,53,55
"2754","User #25378","Timepoint 2",0,53,55
"2755","User #25378","Timepoint 3",0,53,55
"2756","User #25378","Timepoint 4",0,53,55
"2757","User #25378","Timepoint 5",0,53,55
"2758","User #25378","Timepoint 6",0,53,55
"2759","User #25378","Timepoint 7",0,53,55
"2760","User #25378","Timepoint 8",0,53,55
"2761","User #25378","Timepoint 9",0,53,55
"2762","User #25378","Timepoint 10",0,53,55
"2763","User #25378","Timepoint 11",0,53,55
"2764","User #25378","Timepoint 12",0,53,55
"2765","User #25378","Timepoint 13",0,53,55
"2766","User #25378","Timepoint 14",0,53,55
"2767","User #25378","Timepoint 15",0,53,55
"2768","User #25378","Timepoint 16",0,53,55
"2769","User #25378","Timepoint 17",NA,53,55
"2770","User #25378","Timepoint 18",NA,53,55
"2771","User #25378","Timepoint 19",NA,53,55
"2772","User #25378","Timepoint 20",NA,53,55
"2773","User #25378","Timepoint 21",NA,53,55
"2774","User #25378","Timepoint 22",NA,53,55
"2775","User #25378","Timepoint 23",NA,53,55
"2776","User #25378","Timepoint 24",NA,53,55
"2777","User #25378","Timepoint 25",NA,53,55
"2778","User #25378","Timepoint 26",NA,53,55
"2779","User #25378","Timepoint 27",NA,53,55
"2780","User #25378","Timepoint 28",NA,53,55
"2781","User #25378","Timepoint 29",NA,53,55
"2782","User #25378","Timepoint 30",NA,53,55
"2783","User #25378","Timepoint 31",NA,53,55
"2784","User #25378","Timepoint 32",NA,53,55
"2785","User #25378","Timepoint 33",NA,53,55
"2786","User #25378","Timepoint 34",NA,53,55
"2787","User #25378","Timepoint 35",NA,53,55
"2788","User #25378","Timepoint 36",NA,53,55
"2789","User #25378","Timepoint 37",NA,53,55
"2790","User #25378","Timepoint 38",NA,53,55
"2791","User #25378","Timepoint 39",NA,53,55
"2792","User #25378","Timepoint 40",NA,53,55
"2793","User #25378","Timepoint 41",NA,53,55
"2794","User #25378","Timepoint 42",NA,53,55
"2795","User #25378","Timepoint 43",NA,53,55
"2796","User #25378","Timepoint 44",NA,53,55
"2797","User #25378","Timepoint 45",NA,53,55
"2798","User #25378","Timepoint 46",NA,53,55
"2799","User #25378","Timepoint 47",NA,53,55
"2800","User #25378","Timepoint 48",NA,53,55
"2801","User #25378","Timepoint 49",NA,53,55
"2802","User #25378","Timepoint 50",NA,53,55
"2803","User #25378","Timepoint 51",NA,53,55
"2804","User #25378","Timepoint 52",NA,53,55
"2805","User #25378","Timepoint 53",NA,53,55
"2806","User #25378","Timepoint 54",NA,53,55
"2807","User #25378","Timepoint 55",NA,53,55
"2808","User #25378","Timepoint 56",NA,53,55
"2809","User #25378","Timepoint 57",NA,53,55
"2810","User #25378","Timepoint 58",NA,53,55
"2811","User #25378","Timepoint 59",NA,53,55
"2812","User #25378","Timepoint 60",NA,53,55
"2813","User #25378","Timepoint 61",NA,53,55
"2814","User #25378","Timepoint 62",NA,53,55
"2815","User #25378","Timepoint 63",NA,53,55
"2816","User #25378","Timepoint 64",NA,53,55
"2817","User #25360","Timepoint 1",0,53,55
"2818","User #25360","Timepoint 2",0,53,55
"2819","User #25360","Timepoint 3",0,53,55
"2820","User #25360","Timepoint 4",0,53,55
"2821","User #25360","Timepoint 5",0,53,55
"2822","User #25360","Timepoint 6",0,53,55
"2823","User #25360","Timepoint 7",0,53,55
"2824","User #25360","Timepoint 8",0,53,55
"2825","User #25360","Timepoint 9",0,53,55
"2826","User #25360","Timepoint 10",0,53,55
"2827","User #25360","Timepoint 11",0,53,55
"2828","User #25360","Timepoint 12",0,53,55
"2829","User #25360","Timepoint 13",0,53,55
"2830","User #25360","Timepoint 14",0,53,55
"2831","User #25360","Timepoint 15",0,53,55
"2832","User #25360","Timepoint 16",0,53,55
"2833","User #25360","Timepoint 17",NA,53,55
"2834","User #25360","Timepoint 18",NA,53,55
"2835","User #25360","Timepoint 19",NA,53,55
"2836","User #25360","Timepoint 20",NA,53,55
"2837","User #25360","Timepoint 21",NA,53,55
"2838","User #25360","Timepoint 22",NA,53,55
"2839","User #25360","Timepoint 23",NA,53,55
"2840","User #25360","Timepoint 24",NA,53,55
"2841","User #25360","Timepoint 25",NA,53,55
"2842","User #25360","Timepoint 26",NA,53,55
"2843","User #25360","Timepoint 27",NA,53,55
"2844","User #25360","Timepoint 28",NA,53,55
"2845","User #25360","Timepoint 29",NA,53,55
"2846","User #25360","Timepoint 30",NA,53,55
"2847","User #25360","Timepoint 31",NA,53,55
"2848","User #25360","Timepoint 32",NA,53,55
"2849","User #25360","Timepoint 33",NA,53,55
"2850","User #25360","Timepoint 34",NA,53,55
"2851","User #25360","Timepoint 35",NA,53,55
"2852","User #25360","Timepoint 36",NA,53,55
"2853","User #25360","Timepoint 37",NA,53,55
"2854","User #25360","Timepoint 38",NA,53,55
"2855","User #25360","Timepoint 39",NA,53,55
"2856","User #25360","Timepoint 40",NA,53,55
"2857","User #25360","Timepoint 41",NA,53,55
"2858","User #25360","Timepoint 42",NA,53,55
"2859","User #25360","Timepoint 43",NA,53,55
"2860","User #25360","Timepoint 44",NA,53,55
"2861","User #25360","Timepoint 45",NA,53,55
"2862","User #25360","Timepoint 46",NA,53,55
"2863","User #25360","Timepoint 47",NA,53,55
"2864","User #25360","Timepoint 48",NA,53,55
"2865","User #25360","Timepoint 49",NA,53,55
"2866","User #25360","Timepoint 50",NA,53,55
"2867","User #25360","Timepoint 51",NA,53,55
"2868","User #25360","Timepoint 52",NA,53,55
"2869","User #25360","Timepoint 53",NA,53,55
"2870","User #25360","Timepoint 54",NA,53,55
"2871","User #25360","Timepoint 55",NA,53,55
"2872","User #25360","Timepoint 56",NA,53,55
"2873","User #25360","Timepoint 57",NA,53,55
"2874","User #25360","Timepoint 58",NA,53,55
"2875","User #25360","Timepoint 59",NA,53,55
"2876","User #25360","Timepoint 60",NA,53,55
"2877","User #25360","Timepoint 61",NA,53,55
"2878","User #25360","Timepoint 62",NA,53,55
"2879","User #25360","Timepoint 63",NA,53,55
"2880","User #25360","Timepoint 64",NA,53,55
"2881","User #25318","Timepoint 1",0,53,55
"2882","User #25318","Timepoint 2",0,53,55
"2883","User #25318","Timepoint 3",0,53,55
"2884","User #25318","Timepoint 4",0,53,55
"2885","User #25318","Timepoint 5",0,53,55
"2886","User #25318","Timepoint 6",0,53,55
"2887","User #25318","Timepoint 7",0,53,55
"2888","User #25318","Timepoint 8",0,53,55
"2889","User #25318","Timepoint 9",0,53,55
"2890","User #25318","Timepoint 10",0,53,55
"2891","User #25318","Timepoint 11",0,53,55
"2892","User #25318","Timepoint 12",0,53,55
"2893","User #25318","Timepoint 13",0,53,55
"2894","User #25318","Timepoint 14",0,53,55
"2895","User #25318","Timepoint 15",0,53,55
"2896","User #25318","Timepoint 16",0,53,55
"2897","User #25318","Timepoint 17",NA,53,55
"2898","User #25318","Timepoint 18",NA,53,55
"2899","User #25318","Timepoint 19",NA,53,55
"2900","User #25318","Timepoint 20",NA,53,55
"2901","User #25318","Timepoint 21",NA,53,55
"2902","User #25318","Timepoint 22",NA,53,55
"2903","User #25318","Timepoint 23",NA,53,55
"2904","User #25318","Timepoint 24",NA,53,55
"2905","User #25318","Timepoint 25",NA,53,55
"2906","User #25318","Timepoint 26",NA,53,55
"2907","User #25318","Timepoint 27",NA,53,55
"2908","User #25318","Timepoint 28",NA,53,55
"2909","User #25318","Timepoint 29",NA,53,55
"2910","User #25318","Timepoint 30",NA,53,55
"2911","User #25318","Timepoint 31",NA,53,55
"2912","User #25318","Timepoint 32",NA,53,55
"2913","User #25318","Timepoint 33",NA,53,55
"2914","User #25318","Timepoint 34",NA,53,55
"2915","User #25318","Timepoint 35",NA,53,55
"2916","User #25318","Timepoint 36",NA,53,55
"2917","User #25318","Timepoint 37",NA,53,55
"2918","User #25318","Timepoint 38",NA,53,55
"2919","User #25318","Timepoint 39",NA,53,55
"2920","User #25318","Timepoint 40",NA,53,55
"2921","User #25318","Timepoint 41",NA,53,55
"2922","User #25318","Timepoint 42",NA,53,55
"2923","User #25318","Timepoint 43",NA,53,55
"2924","User #25318","Timepoint 44",NA,53,55
"2925","User #25318","Timepoint 45",NA,53,55
"2926","User #25318","Timepoint 46",NA,53,55
"2927","User #25318","Timepoint 47",NA,53,55
"2928","User #25318","Timepoint 48",NA,53,55
"2929","User #25318","Timepoint 49",NA,53,55
"2930","User #25318","Timepoint 50",NA,53,55
"2931","User #25318","Timepoint 51",NA,53,55
"2932","User #25318","Timepoint 52",NA,53,55
"2933","User #25318","Timepoint 53",NA,53,55
"2934","User #25318","Timepoint 54",NA,53,55
"2935","User #25318","Timepoint 55",NA,53,55
"2936","User #25318","Timepoint 56",NA,53,55
"2937","User #25318","Timepoint 57",NA,53,55
"2938","User #25318","Timepoint 58",NA,53,55
"2939","User #25318","Timepoint 59",NA,53,55
"2940","User #25318","Timepoint 60",NA,53,55
"2941","User #25318","Timepoint 61",NA,53,55
"2942","User #25318","Timepoint 62",NA,53,55
"2943","User #25318","Timepoint 63",NA,53,55
"2944","User #25318","Timepoint 64",NA,53,55
"2945","User #25375","Timepoint 1",0,53,55
"2946","User #25375","Timepoint 2",0,53,55
"2947","User #25375","Timepoint 3",0,53,55
"2948","User #25375","Timepoint 4",0,53,55
"2949","User #25375","Timepoint 5",0,53,55
"2950","User #25375","Timepoint 6",0,53,55
"2951","User #25375","Timepoint 7",0,53,55
"2952","User #25375","Timepoint 8",0,53,55
"2953","User #25375","Timepoint 9",0,53,55
"2954","User #25375","Timepoint 10",0,53,55
"2955","User #25375","Timepoint 11",0,53,55
"2956","User #25375","Timepoint 12",0,53,55
"2957","User #25375","Timepoint 13",0,53,55
"2958","User #25375","Timepoint 14",0,53,55
"2959","User #25375","Timepoint 15",0,53,55
"2960","User #25375","Timepoint 16",0,53,55
"2961","User #25375","Timepoint 17",NA,53,55
"2962","User #25375","Timepoint 18",NA,53,55
"2963","User #25375","Timepoint 19",NA,53,55
"2964","User #25375","Timepoint 20",NA,53,55
"2965","User #25375","Timepoint 21",NA,53,55
"2966","User #25375","Timepoint 22",NA,53,55
"2967","User #25375","Timepoint 23",NA,53,55
"2968","User #25375","Timepoint 24",NA,53,55
"2969","User #25375","Timepoint 25",NA,53,55
"2970","User #25375","Timepoint 26",NA,53,55
"2971","User #25375","Timepoint 27",NA,53,55
"2972","User #25375","Timepoint 28",NA,53,55
"2973","User #25375","Timepoint 29",NA,53,55
"2974","User #25375","Timepoint 30",NA,53,55
"2975","User #25375","Timepoint 31",NA,53,55
"2976","User #25375","Timepoint 32",NA,53,55
"2977","User #25375","Timepoint 33",NA,53,55
"2978","User #25375","Timepoint 34",NA,53,55
"2979","User #25375","Timepoint 35",NA,53,55
"2980","User #25375","Timepoint 36",NA,53,55
"2981","User #25375","Timepoint 37",NA,53,55
"2982","User #25375","Timepoint 38",NA,53,55
"2983","User #25375","Timepoint 39",NA,53,55
"2984","User #25375","Timepoint 40",NA,53,55
"2985","User #25375","Timepoint 41",NA,53,55
"2986","User #25375","Timepoint 42",NA,53,55
"2987","User #25375","Timepoint 43",NA,53,55
"2988","User #25375","Timepoint 44",NA,53,55
"2989","User #25375","Timepoint 45",NA,53,55
"2990","User #25375","Timepoint 46",NA,53,55
"2991","User #25375","Timepoint 47",NA,53,55
"2992","User #25375","Timepoint 48",NA,53,55
"2993","User #25375","Timepoint 49",NA,53,55
"2994","User #25375","Timepoint 50",NA,53,55
"2995","User #25375","Timepoint 51",NA,53,55
"2996","User #25375","Timepoint 52",NA,53,55
"2997","User #25375","Timepoint 53",NA,53,55
"2998","User #25375","Timepoint 54",NA,53,55
"2999","User #25375","Timepoint 55",NA,53,55
"3000","User #25375","Timepoint 56",NA,53,55
"3001","User #25375","Timepoint 57",NA,53,55
"3002","User #25375","Timepoint 58",NA,53,55
"3003","User #25375","Timepoint 59",NA,53,55
"3004","User #25375","Timepoint 60",NA,53,55
"3005","User #25375","Timepoint 61",NA,53,55
"3006","User #25375","Timepoint 62",NA,53,55
"3007","User #25375","Timepoint 63",NA,53,55
"3008","User #25375","Timepoint 64",NA,53,55
"3009","User #25333","Timepoint 1",0,53,55
"3010","User #25333","Timepoint 2",0,53,55
"3011","User #25333","Timepoint 3",0,53,55
"3012","User #25333","Timepoint 4",0,53,55
"3013","User #25333","Timepoint 5",0,53,55
"3014","User #25333","Timepoint 6",0,53,55
"3015","User #25333","Timepoint 7",0,53,55
"3016","User #25333","Timepoint 8",0,53,55
"3017","User #25333","Timepoint 9",0,53,55
"3018","User #25333","Timepoint 10",0,53,55
"3019","User #25333","Timepoint 11",0,53,55
"3020","User #25333","Timepoint 12",0,53,55
"3021","User #25333","Timepoint 13",0,53,55
"3022","User #25333","Timepoint 14",0,53,55
"3023","User #25333","Timepoint 15",0,53,55
"3024","User #25333","Timepoint 16",0,53,55
"3025","User #25333","Timepoint 17",NA,53,55
"3026","User #25333","Timepoint 18",NA,53,55
"3027","User #25333","Timepoint 19",NA,53,55
"3028","User #25333","Timepoint 20",NA,53,55
"3029","User #25333","Timepoint 21",NA,53,55
"3030","User #25333","Timepoint 22",NA,53,55
"3031","User #25333","Timepoint 23",NA,53,55
"3032","User #25333","Timepoint 24",NA,53,55
"3033","User #25333","Timepoint 25",NA,53,55
"3034","User #25333","Timepoint 26",NA,53,55
"3035","User #25333","Timepoint 27",NA,53,55
"3036","User #25333","Timepoint 28",NA,53,55
"3037","User #25333","Timepoint 29",NA,53,55
"3038","User #25333","Timepoint 30",NA,53,55
"3039","User #25333","Timepoint 31",NA,53,55
"3040","User #25333","Timepoint 32",NA,53,55
"3041","User #25333","Timepoint 33",NA,53,55
"3042","User #25333","Timepoint 34",NA,53,55
"3043","User #25333","Timepoint 35",NA,53,55
"3044","User #25333","Timepoint 36",NA,53,55
"3045","User #25333","Timepoint 37",NA,53,55
"3046","User #25333","Timepoint 38",NA,53,55
"3047","User #25333","Timepoint 39",NA,53,55
"3048","User #25333","Timepoint 40",NA,53,55
"3049","User #25333","Timepoint 41",NA,53,55
"3050","User #25333","Timepoint 42",NA,53,55
"3051","User #25333","Timepoint 43",NA,53,55
"3052","User #25333","Timepoint 44",NA,53,55
"3053","User #25333","Timepoint 45",NA,53,55
"3054","User #25333","Timepoint 46",NA,53,55
"3055","User #25333","Timepoint 47",NA,53,55
"3056","User #25333","Timepoint 48",NA,53,55
"3057","User #25333","Timepoint 49",NA,53,55
"3058","User #25333","Timepoint 50",NA,53,55
"3059","User #25333","Timepoint 51",NA,53,55
"3060","User #25333","Timepoint 52",NA,53,55
"3061","User #25333","Timepoint 53",NA,53,55
"3062","User #25333","Timepoint 54",NA,53,55
"3063","User #25333","Timepoint 55",NA,53,55
"3064","User #25333","Timepoint 56",NA,53,55
"3065","User #25333","Timepoint 57",NA,53,55
"3066","User #25333","Timepoint 58",NA,53,55
"3067","User #25333","Timepoint 59",NA,53,55
"3068","User #25333","Timepoint 60",NA,53,55
"3069","User #25333","Timepoint 61",NA,53,55
"3070","User #25333","Timepoint 62",NA,53,55
"3071","User #25333","Timepoint 63",NA,53,55
"3072","User #25333","Timepoint 64",NA,53,55
"3073","User #25301","Timepoint 1",0,53,55
"3074","User #25301","Timepoint 2",0,53,55
"3075","User #25301","Timepoint 3",0,53,55
"3076","User #25301","Timepoint 4",0,53,55
"3077","User #25301","Timepoint 5",0,53,55
"3078","User #25301","Timepoint 6",0,53,55
"3079","User #25301","Timepoint 7",0,53,55
"3080","User #25301","Timepoint 8",0,53,55
"3081","User #25301","Timepoint 9",0,53,55
"3082","User #25301","Timepoint 10",0,53,55
"3083","User #25301","Timepoint 11",0,53,55
"3084","User #25301","Timepoint 12",0,53,55
"3085","User #25301","Timepoint 13",0,53,55
"3086","User #25301","Timepoint 14",0,53,55
"3087","User #25301","Timepoint 15",0,53,55
"3088","User #25301","Timepoint 16",0,53,55
"3089","User #25301","Timepoint 17",NA,53,55
"3090","User #25301","Timepoint 18",NA,53,55
"3091","User #25301","Timepoint 19",NA,53,55
"3092","User #25301","Timepoint 20",NA,53,55
"3093","User #25301","Timepoint 21",NA,53,55
"3094","User #25301","Timepoint 22",NA,53,55
"3095","User #25301","Timepoint 23",NA,53,55
"3096","User #25301","Timepoint 24",NA,53,55
"3097","User #25301","Timepoint 25",NA,53,55
"3098","User #25301","Timepoint 26",NA,53,55
"3099","User #25301","Timepoint 27",NA,53,55
"3100","User #25301","Timepoint 28",NA,53,55
"3101","User #25301","Timepoint 29",NA,53,55
"3102","User #25301","Timepoint 30",NA,53,55
"3103","User #25301","Timepoint 31",NA,53,55
"3104","User #25301","Timepoint 32",NA,53,55
"3105","User #25301","Timepoint 33",NA,53,55
"3106","User #25301","Timepoint 34",NA,53,55
"3107","User #25301","Timepoint 35",NA,53,55
"3108","User #25301","Timepoint 36",NA,53,55
"3109","User #25301","Timepoint 37",NA,53,55
"3110","User #25301","Timepoint 38",NA,53,55
"3111","User #25301","Timepoint 39",NA,53,55
"3112","User #25301","Timepoint 40",NA,53,55
"3113","User #25301","Timepoint 41",NA,53,55
"3114","User #25301","Timepoint 42",NA,53,55
"3115","User #25301","Timepoint 43",NA,53,55
"3116","User #25301","Timepoint 44",NA,53,55
"3117","User #25301","Timepoint 45",NA,53,55
"3118","User #25301","Timepoint 46",NA,53,55
"3119","User #25301","Timepoint 47",NA,53,55
"3120","User #25301","Timepoint 48",NA,53,55
"3121","User #25301","Timepoint 49",NA,53,55
"3122","User #25301","Timepoint 50",NA,53,55
"3123","User #25301","Timepoint 51",NA,53,55
"3124","User #25301","Timepoint 52",NA,53,55
"3125","User #25301","Timepoint 53",NA,53,55
"3126","User #25301","Timepoint 54",NA,53,55
"3127","User #25301","Timepoint 55",NA,53,55
"3128","User #25301","Timepoint 56",NA,53,55
"3129","User #25301","Timepoint 57",NA,53,55
"3130","User #25301","Timepoint 58",NA,53,55
"3131","User #25301","Timepoint 59",NA,53,55
"3132","User #25301","Timepoint 60",NA,53,55
"3133","User #25301","Timepoint 61",NA,53,55
"3134","User #25301","Timepoint 62",NA,53,55
"3135","User #25301","Timepoint 63",NA,53,55
"3136","User #25301","Timepoint 64",NA,53,55
"3137","User #25393","Timepoint 1",0,53,55
"3138","User #25393","Timepoint 2",0,53,55
"3139","User #25393","Timepoint 3",0,53,55
"3140","User #25393","Timepoint 4",0,53,55
"3141","User #25393","Timepoint 5",0,53,55
"3142","User #25393","Timepoint 6",0,53,55
"3143","User #25393","Timepoint 7",0,53,55
"3144","User #25393","Timepoint 8",0,53,55
"3145","User #25393","Timepoint 9",0,53,55
"3146","User #25393","Timepoint 10",0,53,55
"3147","User #25393","Timepoint 11",0,53,55
"3148","User #25393","Timepoint 12",0,53,55
"3149","User #25393","Timepoint 13",0,53,55
"3150","User #25393","Timepoint 14",0,53,55
"3151","User #25393","Timepoint 15",0,53,55
"3152","User #25393","Timepoint 16",0,53,55
"3153","User #25393","Timepoint 17",NA,53,55
"3154","User #25393","Timepoint 18",NA,53,55
"3155","User #25393","Timepoint 19",NA,53,55
"3156","User #25393","Timepoint 20",NA,53,55
"3157","User #25393","Timepoint 21",NA,53,55
"3158","User #25393","Timepoint 22",NA,53,55
"3159","User #25393","Timepoint 23",NA,53,55
"3160","User #25393","Timepoint 24",NA,53,55
"3161","User #25393","Timepoint 25",NA,53,55
"3162","User #25393","Timepoint 26",NA,53,55
"3163","User #25393","Timepoint 27",NA,53,55
"3164","User #25393","Timepoint 28",NA,53,55
"3165","User #25393","Timepoint 29",NA,53,55
"3166","User #25393","Timepoint 30",NA,53,55
"3167","User #25393","Timepoint 31",NA,53,55
"3168","User #25393","Timepoint 32",NA,53,55
"3169","User #25393","Timepoint 33",NA,53,55
"3170","User #25393","Timepoint 34",NA,53,55
"3171","User #25393","Timepoint 35",NA,53,55
"3172","User #25393","Timepoint 36",NA,53,55
"3173","User #25393","Timepoint 37",NA,53,55
"3174","User #25393","Timepoint 38",NA,53,55
"3175","User #25393","Timepoint 39",NA,53,55
"3176","User #25393","Timepoint 40",NA,53,55
"3177","User #25393","Timepoint 41",NA,53,55
"3178","User #25393","Timepoint 42",NA,53,55
"3179","User #25393","Timepoint 43",NA,53,55
"3180","User #25393","Timepoint 44",NA,53,55
"3181","User #25393","Timepoint 45",NA,53,55
"3182","User #25393","Timepoint 46",NA,53,55
"3183","User #25393","Timepoint 47",NA,53,55
"3184","User #25393","Timepoint 48",NA,53,55
"3185","User #25393","Timepoint 49",NA,53,55
"3186","User #25393","Timepoint 50",NA,53,55
"3187","User #25393","Timepoint 51",NA,53,55
"3188","User #25393","Timepoint 52",NA,53,55
"3189","User #25393","Timepoint 53",NA,53,55
"3190","User #25393","Timepoint 54",NA,53,55
"3191","User #25393","Timepoint 55",NA,53,55
"3192","User #25393","Timepoint 56",NA,53,55
"3193","User #25393","Timepoint 57",NA,53,55
"3194","User #25393","Timepoint 58",NA,53,55
"3195","User #25393","Timepoint 59",NA,53,55
"3196","User #25393","Timepoint 60",NA,53,55
"3197","User #25393","Timepoint 61",NA,53,55
"3198","User #25393","Timepoint 62",NA,53,55
"3199","User #25393","Timepoint 63",NA,53,55
"3200","User #25393","Timepoint 64",NA,53,55
"3201","User #25333","Timepoint 1",0,53,55
"3202","User #25333","Timepoint 2",0,53,55
"3203","User #25333","Timepoint 3",0,53,55
"3204","User #25333","Timepoint 4",0,53,55
"3205","User #25333","Timepoint 5",0,53,55
"3206","User #25333","Timepoint 6",0,53,55
"3207","User #25333","Timepoint 7",0,53,55
"3208","User #25333","Timepoint 8",0,53,55
"3209","User #25333","Timepoint 9",0,53,55
"3210","User #25333","Timepoint 10",0,53,55
"3211","User #25333","Timepoint 11",0,53,55
"3212","User #25333","Timepoint 12",0,53,55
"3213","User #25333","Timepoint 13",0,53,55
"3214","User #25333","Timepoint 14",0,53,55
"3215","User #25333","Timepoint 15",0,53,55
"3216","User #25333","Timepoint 16",0,53,55
"3217","User #25333","Timepoint 17",NA,53,55
"3218","User #25333","Timepoint 18",NA,53,55
"3219","User #25333","Timepoint 19",NA,53,55
"3220","User #25333","Timepoint 20",NA,53,55
"3221","User #25333","Timepoint 21",NA,53,55
"3222","User #25333","Timepoint 22",NA,53,55
"3223","User #25333","Timepoint 23",NA,53,55
"3224","User #25333","Timepoint 24",NA,53,55
"3225","User #25333","Timepoint 25",NA,53,55
"3226","User #25333","Timepoint 26",NA,53,55
"3227","User #25333","Timepoint 27",NA,53,55
"3228","User #25333","Timepoint 28",NA,53,55
"3229","User #25333","Timepoint 29",NA,53,55
"3230","User #25333","Timepoint 30",NA,53,55
"3231","User #25333","Timepoint 31",NA,53,55
"3232","User #25333","Timepoint 32",NA,53,55
"3233","User #25333","Timepoint 33",NA,53,55
"3234","User #25333","Timepoint 34",NA,53,55
"3235","User #25333","Timepoint 35",NA,53,55
"3236","User #25333","Timepoint 36",NA,53,55
"3237","User #25333","Timepoint 37",NA,53,55
"3238","User #25333","Timepoint 38",NA,53,55
"3239","User #25333","Timepoint 39",NA,53,55
"3240","User #25333","Timepoint 40",NA,53,55
"3241","User #25333","Timepoint 41",NA,53,55
"3242","User #25333","Timepoint 42",NA,53,55
"3243","User #25333","Timepoint 43",NA,53,55
"3244","User #25333","Timepoint 44",NA,53,55
"3245","User #25333","Timepoint 45",NA,53,55
"3246","User #25333","Timepoint 46",NA,53,55
"3247","User #25333","Timepoint 47",NA,53,55
"3248","User #25333","Timepoint 48",NA,53,55
"3249","User #25333","Timepoint 49",NA,53,55
"3250","User #25333","Timepoint 50",NA,53,55
"3251","User #25333","Timepoint 51",NA,53,55
"3252","User #25333","Timepoint 52",NA,53,55
"3253","User #25333","Timepoint 53",NA,53,55
"3254","User #25333","Timepoint 54",NA,53,55
"3255","User #25333","Timepoint 55",NA,53,55
"3256","User #25333","Timepoint 56",NA,53,55
"3257","User #25333","Timepoint 57",NA,53,55
"3258","User #25333","Timepoint 58",NA,53,55
"3259","User #25333","Timepoint 59",NA,53,55
"3260","User #25333","Timepoint 60",NA,53,55
"3261","User #25333","Timepoint 61",NA,53,55
"3262","User #25333","Timepoint 62",NA,53,55
"3263","User #25333","Timepoint 63",NA,53,55
"3264","User #25333","Timepoint 64",NA,53,55
"3265","User #25372","Timepoint 1",0,53,55
"3266","User #25372","Timepoint 2",0,53,55
"3267","User #25372","Timepoint 3",0,53,55
"3268","User #25372","Timepoint 4",0,53,55
"3269","User #25372","Timepoint 5",0,53,55
"3270","User #25372","Timepoint 6",0,53,55
"3271","User #25372","Timepoint 7",0,53,55
"3272","User #25372","Timepoint 8",0,53,55
"3273","User #25372","Timepoint 9",0,53,55
"3274","User #25372","Timepoint 10",0,53,55
"3275","User #25372","Timepoint 11",0,53,55
"3276","User #25372","Timepoint 12",0,53,55
"3277","User #25372","Timepoint 13",0,53,55
"3278","User #25372","Timepoint 14",0,53,55
"3279","User #25372","Timepoint 15",0,53,55
"3280","User #25372","Timepoint 16",0,53,55
"3281","User #25372","Timepoint 17",NA,53,55
"3282","User #25372","Timepoint 18",NA,53,55
"3283","User #25372","Timepoint 19",NA,53,55
"3284","User #25372","Timepoint 20",NA,53,55
"3285","User #25372","Timepoint 21",NA,53,55
"3286","User #25372","Timepoint 22",NA,53,55
"3287","User #25372","Timepoint 23",NA,53,55
"3288","User #25372","Timepoint 24",NA,53,55
"3289","User #25372","Timepoint 25",NA,53,55
"3290","User #25372","Timepoint 26",NA,53,55
"3291","User #25372","Timepoint 27",NA,53,55
"3292","User #25372","Timepoint 28",NA,53,55
"3293","User #25372","Timepoint 29",NA,53,55
"3294","User #25372","Timepoint 30",NA,53,55
"3295","User #25372","Timepoint 31",NA,53,55
"3296","User #25372","Timepoint 32",NA,53,55
"3297","User #25372","Timepoint 33",NA,53,55
"3298","User #25372","Timepoint 34",NA,53,55
"3299","User #25372","Timepoint 35",NA,53,55
"3300","User #25372","Timepoint 36",NA,53,55
"3301","User #25372","Timepoint 37",NA,53,55
"3302","User #25372","Timepoint 38",NA,53,55
"3303","User #25372","Timepoint 39",NA,53,55
"3304","User #25372","Timepoint 40",NA,53,55
"3305","User #25372","Timepoint 41",NA,53,55
"3306","User #25372","Timepoint 42",NA,53,55
"3307","User #25372","Timepoint 43",NA,53,55
"3308","User #25372","Timepoint 44",NA,53,55
"3309","User #25372","Timepoint 45",NA,53,55
"3310","User #25372","Timepoint 46",NA,53,55
"3311","User #25372","Timepoint 47",NA,53,55
"3312","User #25372","Timepoint 48",NA,53,55
"3313","User #25372","Timepoint 49",NA,53,55
"3314","User #25372","Timepoint 50",NA,53,55
"3315","User #25372","Timepoint 51",NA,53,55
"3316","User #25372","Timepoint 52",NA,53,55
"3317","User #25372","Timepoint 53",NA,53,55
"3318","User #25372","Timepoint 54",NA,53,55
"3319","User #25372","Timepoint 55",NA,53,55
"3320","User #25372","Timepoint 56",NA,53,55
"3321","User #25372","Timepoint 57",NA,53,55
"3322","User #25372","Timepoint 58",NA,53,55
"3323","User #25372","Timepoint 59",NA,53,55
"3324","User #25372","Timepoint 60",NA,53,55
"3325","User #25372","Timepoint 61",NA,53,55
"3326","User #25372","Timepoint 62",NA,53,55
"3327","User #25372","Timepoint 63",NA,53,55
"3328","User #25372","Timepoint 64",NA,53,55
"3329","User #25312","Timepoint 1",0,53,55
"3330","User #25312","Timepoint 2",0,53,55
"3331","User #25312","Timepoint 3",0,53,55
"3332","User #25312","Timepoint 4",0,53,55
"3333","User #25312","Timepoint 5",0,53,55
"3334","User #25312","Timepoint 6",0,53,55
"3335","User #25312","Timepoint 7",0,53,55
"3336","User #25312","Timepoint 8",0,53,55
"3337","User #25312","Timepoint 9",0,53,55
"3338","User #25312","Timepoint 10",0,53,55
"3339","User #25312","Timepoint 11",0,53,55
"3340","User #25312","Timepoint 12",0,53,55
"3341","User #25312","Timepoint 13",0,53,55
"3342","User #25312","Timepoint 14",0,53,55
"3343","User #25312","Timepoint 15",0,53,55
"3344","User #25312","Timepoint 16",0,53,55
"3345","User #25312","Timepoint 17",NA,53,55
"3346","User #25312","Timepoint 18",NA,53,55
"3347","User #25312","Timepoint 19",NA,53,55
"3348","User #25312","Timepoint 20",NA,53,55
"3349","User #25312","Timepoint 21",NA,53,55
"3350","User #25312","Timepoint 22",NA,53,55
"3351","User #25312","Timepoint 23",NA,53,55
"3352","User #25312","Timepoint 24",NA,53,55
"3353","User #25312","Timepoint 25",NA,53,55
"3354","User #25312","Timepoint 26",NA,53,55
"3355","User #25312","Timepoint 27",NA,53,55
"3356","User #25312","Timepoint 28",NA,53,55
"3357","User #25312","Timepoint 29",NA,53,55
"3358","User #25312","Timepoint 30",NA,53,55
"3359","User #25312","Timepoint 31",NA,53,55
"3360","User #25312","Timepoint 32",NA,53,55
"3361","User #25312","Timepoint 33",NA,53,55
"3362","User #25312","Timepoint 34",NA,53,55
"3363","User #25312","Timepoint 35",NA,53,55
"3364","User #25312","Timepoint 36",NA,53,55
"3365","User #25312","Timepoint 37",NA,53,55
"3366","User #25312","Timepoint 38",NA,53,55
"3367","User #25312","Timepoint 39",NA,53,55
"3368","User #25312","Timepoint 40",NA,53,55
"3369","User #25312","Timepoint 41",NA,53,55
"3370","User #25312","Timepoint 42",NA,53,55
"3371","User #25312","Timepoint 43",NA,53,55
"3372","User #25312","Timepoint 44",NA,53,55
"3373","User #25312","Timepoint 45",NA,53,55
"3374","User #25312","Timepoint 46",NA,53,55
"3375","User #25312","Timepoint 47",NA,53,55
"3376","User #25312","Timepoint 48",NA,53,55
"3377","User #25312","Timepoint 49",NA,53,55
"3378","User #25312","Timepoint 50",NA,53,55
"3379","User #25312","Timepoint 51",NA,53,55
"3380","User #25312","Timepoint 52",NA,53,55
"3381","User #25312","Timepoint 53",NA,53,55
"3382","User #25312","Timepoint 54",NA,53,55
"3383","User #25312","Timepoint 55",NA,53,55
"3384","User #25312","Timepoint 56",NA,53,55
"3385","User #25312","Timepoint 57",NA,53,55
"3386","User #25312","Timepoint 58",NA,53,55
"3387","User #25312","Timepoint 59",NA,53,55
"3388","User #25312","Timepoint 60",NA,53,55
"3389","User #25312","Timepoint 61",NA,53,55
"3390","User #25312","Timepoint 62",NA,53,55
"3391","User #25312","Timepoint 63",NA,53,55
"3392","User #25312","Timepoint 64",NA,53,55
"3393","User #25349","Timepoint 1",0,53,55
"3394","User #25349","Timepoint 2",0,53,55
"3395","User #25349","Timepoint 3",0,53,55
"3396","User #25349","Timepoint 4",0,53,55
"3397","User #25349","Timepoint 5",0,53,55
"3398","User #25349","Timepoint 6",0,53,55
"3399","User #25349","Timepoint 7",0,53,55
"3400","User #25349","Timepoint 8",0,53,55
"3401","User #25349","Timepoint 9",0,53,55
"3402","User #25349","Timepoint 10",0,53,55
"3403","User #25349","Timepoint 11",0,53,55
"3404","User #25349","Timepoint 12",0,53,55
"3405","User #25349","Timepoint 13",0,53,55
"3406","User #25349","Timepoint 14",0,53,55
"3407","User #25349","Timepoint 15",0,53,55
"3408","User #25349","Timepoint 16",0,53,55
"3409","User #25349","Timepoint 17",NA,53,55
"3410","User #25349","Timepoint 18",NA,53,55
"3411","User #25349","Timepoint 19",NA,53,55
"3412","User #25349","Timepoint 20",NA,53,55
"3413","User #25349","Timepoint 21",NA,53,55
"3414","User #25349","Timepoint 22",NA,53,55
"3415","User #25349","Timepoint 23",NA,53,55
"3416","User #25349","Timepoint 24",NA,53,55
"3417","User #25349","Timepoint 25",NA,53,55
"3418","User #25349","Timepoint 26",NA,53,55
"3419","User #25349","Timepoint 27",NA,53,55
"3420","User #25349","Timepoint 28",NA,53,55
"3421","User #25349","Timepoint 29",NA,53,55
"3422","User #25349","Timepoint 30",NA,53,55
"3423","User #25349","Timepoint 31",NA,53,55
"3424","User #25349","Timepoint 32",NA,53,55
"3425","User #25349","Timepoint 33",NA,53,55
"3426","User #25349","Timepoint 34",NA,53,55
"3427","User #25349","Timepoint 35",NA,53,55
"3428","User #25349","Timepoint 36",NA,53,55
"3429","User #25349","Timepoint 37",NA,53,55
"3430","User #25349","Timepoint 38",NA,53,55
"3431","User #25349","Timepoint 39",NA,53,55
"3432","User #25349","Timepoint 40",NA,53,55
"3433","User #25349","Timepoint 41",NA,53,55
"3434","User #25349","Timepoint 42",NA,53,55
"3435","User #25349","Timepoint 43",NA,53,55
"3436","User #25349","Timepoint 44",NA,53,55
"3437","User #25349","Timepoint 45",NA,53,55
"3438","User #25349","Timepoint 46",NA,53,55
"3439","User #25349","Timepoint 47",NA,53,55
"3440","User #25349","Timepoint 48",NA,53,55
"3441","User #25349","Timepoint 49",NA,53,55
"3442","User #25349","Timepoint 50",NA,53,55
"3443","User #25349","Timepoint 51",NA,53,55
"3444","User #25349","Timepoint 52",NA,53,55
"3445","User #25349","Timepoint 53",NA,53,55
"3446","User #25349","Timepoint 54",NA,53,55
"3447","User #25349","Timepoint 55",NA,53,55
"3448","User #25349","Timepoint 56",NA,53,55
"3449","User #25349","Timepoint 57",NA,53,55
"3450","User #25349","Timepoint 58",NA,53,55
"3451","User #25349","Timepoint 59",NA,53,55
"3452","User #25349","Timepoint 60",NA,53,55
"3453","User #25349","Timepoint 61",NA,53,55
"3454","User #25349","Timepoint 62",NA,53,55
"3455","User #25349","Timepoint 63",NA,53,55
"3456","User #25349","Timepoint 64",NA,53,55
"3457","User #25323","Timepoint 1",0,53,55
"3458","User #25323","Timepoint 2",0,53,55
"3459","User #25323","Timepoint 3",0,53,55
"3460","User #25323","Timepoint 4",0,53,55
"3461","User #25323","Timepoint 5",0,53,55
"3462","User #25323","Timepoint 6",0,53,55
"3463","User #25323","Timepoint 7",0,53,55
"3464","User #25323","Timepoint 8",0,53,55
"3465","User #25323","Timepoint 9",0,53,55
"3466","User #25323","Timepoint 10",0,53,55
"3467","User #25323","Timepoint 11",0,53,55
"3468","User #25323","Timepoint 12",0,53,55
"3469","User #25323","Timepoint 13",0,53,55
"3470","User #25323","Timepoint 14",0,53,55
"3471","User #25323","Timepoint 15",0,53,55
"3472","User #25323","Timepoint 16",0,53,55
"3473","User #25323","Timepoint 17",NA,53,55
"3474","User #25323","Timepoint 18",NA,53,55
"3475","User #25323","Timepoint 19",NA,53,55
"3476","User #25323","Timepoint 20",NA,53,55
"3477","User #25323","Timepoint 21",NA,53,55
"3478","User #25323","Timepoint 22",NA,53,55
"3479","User #25323","Timepoint 23",NA,53,55
"3480","User #25323","Timepoint 24",NA,53,55
"3481","User #25323","Timepoint 25",NA,53,55
"3482","User #25323","Timepoint 26",NA,53,55
"3483","User #25323","Timepoint 27",NA,53,55
"3484","User #25323","Timepoint 28",NA,53,55
"3485","User #25323","Timepoint 29",NA,53,55
"3486","User #25323","Timepoint 30",NA,53,55
"3487","User #25323","Timepoint 31",NA,53,55
"3488","User #25323","Timepoint 32",NA,53,55
"3489","User #25323","Timepoint 33",NA,53,55
"3490","User #25323","Timepoint 34",NA,53,55
"3491","User #25323","Timepoint 35",NA,53,55
"3492","User #25323","Timepoint 36",NA,53,55
"3493","User #25323","Timepoint 37",NA,53,55
"3494","User #25323","Timepoint 38",NA,53,55
"3495","User #25323","Timepoint 39",NA,53,55
"3496","User #25323","Timepoint 40",NA,53,55
"3497","User #25323","Timepoint 41",NA,53,55
"3498","User #25323","Timepoint 42",NA,53,55
"3499","User #25323","Timepoint 43",NA,53,55
"3500","User #25323","Timepoint 44",NA,53,55
"3501","User #25323","Timepoint 45",NA,53,55
"3502","User #25323","Timepoint 46",NA,53,55
"3503","User #25323","Timepoint 47",NA,53,55
"3504","User #25323","Timepoint 48",NA,53,55
"3505","User #25323","Timepoint 49",NA,53,55
"3506","User #25323","Timepoint 50",NA,53,55
"3507","User #25323","Timepoint 51",NA,53,55
"3508","User #25323","Timepoint 52",NA,53,55
"3509","User #25323","Timepoint 53",NA,53,55
"3510","User #25323","Timepoint 54",NA,53,55
"3511","User #25323","Timepoint 55",NA,53,55
"3512","User #25323","Timepoint 56",NA,53,55
"3513","User #25323","Timepoint 57",NA,53,55
"3514","User #25323","Timepoint 58",NA,53,55
"3515","User #25323","Timepoint 59",NA,53,55
"3516","User #25323","Timepoint 60",NA,53,55
"3517","User #25323","Timepoint 61",NA,53,55
"3518","User #25323","Timepoint 62",NA,53,55
"3519","User #25323","Timepoint 63",NA,53,55
"3520","User #25323","Timepoint 64",NA,53,55
"3521","User #25383","Timepoint 1",0,53,55
"3522","User #25383","Timepoint 2",0,53,55
"3523","User #25383","Timepoint 3",0,53,55
"3524","User #25383","Timepoint 4",0,53,55
"3525","User #25383","Timepoint 5",0,53,55
"3526","User #25383","Timepoint 6",0,53,55
"3527","User #25383","Timepoint 7",0,53,55
"3528","User #25383","Timepoint 8",0,53,55
"3529","User #25383","Timepoint 9",0,53,55
"3530","User #25383","Timepoint 10",0,53,55
"3531","User #25383","Timepoint 11",0,53,55
"3532","User #25383","Timepoint 12",0,53,55
"3533","User #25383","Timepoint 13",0,53,55
"3534","User #25383","Timepoint 14",0,53,55
"3535","User #25383","Timepoint 15",0,53,55
"3536","User #25383","Timepoint 16",0,53,55
"3537","User #25383","Timepoint 17",NA,53,55
"3538","User #25383","Timepoint 18",NA,53,55
"3539","User #25383","Timepoint 19",NA,53,55
"3540","User #25383","Timepoint 20",NA,53,55
"3541","User #25383","Timepoint 21",NA,53,55
"3542","User #25383","Timepoint 22",NA,53,55
"3543","User #25383","Timepoint 23",NA,53,55
"3544","User #25383","Timepoint 24",NA,53,55
"3545","User #25383","Timepoint 25",NA,53,55
"3546","User #25383","Timepoint 26",NA,53,55
"3547","User #25383","Timepoint 27",NA,53,55
"3548","User #25383","Timepoint 28",NA,53,55
"3549","User #25383","Timepoint 29",NA,53,55
"3550","User #25383","Timepoint 30",NA,53,55
"3551","User #25383","Timepoint 31",NA,53,55
"3552","User #25383","Timepoint 32",NA,53,55
"3553","User #25383","Timepoint 33",NA,53,55
"3554","User #25383","Timepoint 34",NA,53,55
"3555","User #25383","Timepoint 35",NA,53,55
"3556","User #25383","Timepoint 36",NA,53,55
"3557","User #25383","Timepoint 37",NA,53,55
"3558","User #25383","Timepoint 38",NA,53,55
"3559","User #25383","Timepoint 39",NA,53,55
"3560","User #25383","Timepoint 40",NA,53,55
"3561","User #25383","Timepoint 41",NA,53,55
"3562","User #25383","Timepoint 42",NA,53,55
"3563","User #25383","Timepoint 43",NA,53,55
"3564","User #25383","Timepoint 44",NA,53,55
"3565","User #25383","Timepoint 45",NA,53,55
"3566","User #25383","Timepoint 46",NA,53,55
"3567","User #25383","Timepoint 47",NA,53,55
"3568","User #25383","Timepoint 48",NA,53,55
"3569","User #25383","Timepoint 49",NA,53,55
"3570","User #25383","Timepoint 50",NA,53,55
"3571","User #25383","Timepoint 51",NA,53,55
"3572","User #25383","Timepoint 52",NA,53,55
"3573","User #25383","Timepoint 53",NA,53,55
"3574","User #25383","Timepoint 54",NA,53,55
"3575","User #25383","Timepoint 55",NA,53,55
"3576","User #25383","Timepoint 56",NA,53,55
"3577","User #25383","Timepoint 57",NA,53,55
"3578","User #25383","Timepoint 58",NA,53,55
"3579","User #25383","Timepoint 59",NA,53,55
"3580","User #25383","Timepoint 60",NA,53,55
"3581","User #25383","Timepoint 61",NA,53,55
"3582","User #25383","Timepoint 62",NA,53,55
"3583","User #25383","Timepoint 63",NA,53,55
"3584","User #25383","Timepoint 64",NA,53,55
"3585","User #25334","Timepoint 1",0,53,55
"3586","User #25334","Timepoint 2",0,53,55
"3587","User #25334","Timepoint 3",0,53,55
"3588","User #25334","Timepoint 4",0,53,55
"3589","User #25334","Timepoint 5",0,53,55
"3590","User #25334","Timepoint 6",0,53,55
"3591","User #25334","Timepoint 7",0,53,55
"3592","User #25334","Timepoint 8",0,53,55
"3593","User #25334","Timepoint 9",0,53,55
"3594","User #25334","Timepoint 10",0,53,55
"3595","User #25334","Timepoint 11",0,53,55
"3596","User #25334","Timepoint 12",0,53,55
"3597","User #25334","Timepoint 13",0,53,55
"3598","User #25334","Timepoint 14",0,53,55
"3599","User #25334","Timepoint 15",0,53,55
"3600","User #25334","Timepoint 16",0,53,55
"3601","User #25334","Timepoint 17",NA,53,55
"3602","User #25334","Timepoint 18",NA,53,55
"3603","User #25334","Timepoint 19",NA,53,55
"3604","User #25334","Timepoint 20",NA,53,55
"3605","User #25334","Timepoint 21",NA,53,55
"3606","User #25334","Timepoint 22",NA,53,55
"3607","User #25334","Timepoint 23",NA,53,55
"3608","User #25334","Timepoint 24",NA,53,55
"3609","User #25334","Timepoint 25",NA,53,55
"3610","User #25334","Timepoint 26",NA,53,55
"3611","User #25334","Timepoint 27",NA,53,55
"3612","User #25334","Timepoint 28",NA,53,55
"3613","User #25334","Timepoint 29",NA,53,55
"3614","User #25334","Timepoint 30",NA,53,55
"3615","User #25334","Timepoint 31",NA,53,55
"3616","User #25334","Timepoint 32",NA,53,55
"3617","User #25334","Timepoint 33",NA,53,55
"3618","User #25334","Timepoint 34",NA,53,55
"3619","User #25334","Timepoint 35",NA,53,55
"3620","User #25334","Timepoint 36",NA,53,55
"3621","User #25334","Timepoint 37",NA,53,55
"3622","User #25334","Timepoint 38",NA,53,55
"3623","User #25334","Timepoint 39",NA,53,55
"3624","User #25334","Timepoint 40",NA,53,55
"3625","User #25334","Timepoint 41",NA,53,55
"3626","User #25334","Timepoint 42",NA,53,55
"3627","User #25334","Timepoint 43",NA,53,55
"3628","User #25334","Timepoint 44",NA,53,55
"3629","User #25334","Timepoint 45",NA,53,55
"3630","User #25334","Timepoint 46",NA,53,55
"3631","User #25334","Timepoint 47",NA,53,55
"3632","User #25334","Timepoint 48",NA,53,55
"3633","User #25334","Timepoint 49",NA,53,55
"3634","User #25334","Timepoint 50",NA,53,55
"3635","User #25334","Timepoint 51",NA,53,55
"3636","User #25334","Timepoint 52",NA,53,55
"3637","User #25334","Timepoint 53",NA,53,55
"3638","User #25334","Timepoint 54",NA,53,55
"3639","User #25334","Timepoint 55",NA,53,55
"3640","User #25334","Timepoint 56",NA,53,55
"3641","User #25334","Timepoint 57",NA,53,55
"3642","User #25334","Timepoint 58",NA,53,55
"3643","User #25334","Timepoint 59",NA,53,55
"3644","User #25334","Timepoint 60",NA,53,55
"3645","User #25334","Timepoint 61",NA,53,55
"3646","User #25334","Timepoint 62",NA,53,55
"3647","User #25334","Timepoint 63",NA,53,55
"3648","User #25334","Timepoint 64",NA,53,55
"3649","User #25317","Timepoint 1",0,53,55
"3650","User #25317","Timepoint 2",0,53,55
"3651","User #25317","Timepoint 3",0,53,55
"3652","User #25317","Timepoint 4",0,53,55
"3653","User #25317","Timepoint 5",0,53,55
"3654","User #25317","Timepoint 6",0,53,55
"3655","User #25317","Timepoint 7",0,53,55
"3656","User #25317","Timepoint 8",0,53,55
"3657","User #25317","Timepoint 9",0,53,55
"3658","User #25317","Timepoint 10",0,53,55
"3659","User #25317","Timepoint 11",0,53,55
"3660","User #25317","Timepoint 12",0,53,55
"3661","User #25317","Timepoint 13",0,53,55
"3662","User #25317","Timepoint 14",0,53,55
"3663","User #25317","Timepoint 15",0,53,55
"3664","User #25317","Timepoint 16",0,53,55
"3665","User #25317","Timepoint 17",NA,53,55
"3666","User #25317","Timepoint 18",NA,53,55
"3667","User #25317","Timepoint 19",NA,53,55
"3668","User #25317","Timepoint 20",NA,53,55
"3669","User #25317","Timepoint 21",NA,53,55
"3670","User #25317","Timepoint 22",NA,53,55
"3671","User #25317","Timepoint 23",NA,53,55
"3672","User #25317","Timepoint 24",NA,53,55
"3673","User #25317","Timepoint 25",NA,53,55
"3674","User #25317","Timepoint 26",NA,53,55
"3675","User #25317","Timepoint 27",NA,53,55
"3676","User #25317","Timepoint 28",NA,53,55
"3677","User #25317","Timepoint 29",NA,53,55
"3678","User #25317","Timepoint 30",NA,53,55
"3679","User #25317","Timepoint 31",NA,53,55
"3680","User #25317","Timepoint 32",NA,53,55
"3681","User #25317","Timepoint 33",NA,53,55
"3682","User #25317","Timepoint 34",NA,53,55
"3683","User #25317","Timepoint 35",NA,53,55
"3684","User #25317","Timepoint 36",NA,53,55
"3685","User #25317","Timepoint 37",NA,53,55
"3686","User #25317","Timepoint 38",NA,53,55
"3687","User #25317","Timepoint 39",NA,53,55
"3688","User #25317","Timepoint 40",NA,53,55
"3689","User #25317","Timepoint 41",NA,53,55
"3690","User #25317","Timepoint 42",NA,53,55
"3691","User #25317","Timepoint 43",NA,53,55
"3692","User #25317","Timepoint 44",NA,53,55
"3693","User #25317","Timepoint 45",NA,53,55
"3694","User #25317","Timepoint 46",NA,53,55
"3695","User #25317","Timepoint 47",NA,53,55
"3696","User #25317","Timepoint 48",NA,53,55
"3697","User #25317","Timepoint 49",NA,53,55
"3698","User #25317","Timepoint 50",NA,53,55
"3699","User #25317","Timepoint 51",NA,53,55
"3700","User #25317","Timepoint 52",NA,53,55
"3701","User #25317","Timepoint 53",NA,53,55
"3702","User #25317","Timepoint 54",NA,53,55
"3703","User #25317","Timepoint 55",NA,53,55
"3704","User #25317","Timepoint 56",NA,53,55
"3705","User #25317","Timepoint 57",NA,53,55
"3706","User #25317","Timepoint 58",NA,53,55
"3707","User #25317","Timepoint 59",NA,53,55
"3708","User #25317","Timepoint 60",NA,53,55
"3709","User #25317","Timepoint 61",NA,53,55
"3710","User #25317","Timepoint 62",NA,53,55
"3711","User #25317","Timepoint 63",NA,53,55
"3712","User #25317","Timepoint 64",NA,53,55
"3713","User #25324","Timepoint 1",0,53,55
"3714","User #25324","Timepoint 2",0,53,55
"3715","User #25324","Timepoint 3",0,53,55
"3716","User #25324","Timepoint 4",0,53,55
"3717","User #25324","Timepoint 5",0,53,55
"3718","User #25324","Timepoint 6",0,53,55
"3719","User #25324","Timepoint 7",0,53,55
"3720","User #25324","Timepoint 8",0,53,55
"3721","User #25324","Timepoint 9",0,53,55
"3722","User #25324","Timepoint 10",0,53,55
"3723","User #25324","Timepoint 11",0,53,55
"3724","User #25324","Timepoint 12",0,53,55
"3725","User #25324","Timepoint 13",0,53,55
"3726","User #25324","Timepoint 14",0,53,55
"3727","User #25324","Timepoint 15",0,53,55
"3728","User #25324","Timepoint 16",0,53,55
"3729","User #25324","Timepoint 17",NA,53,55
"3730","User #25324","Timepoint 18",NA,53,55
"3731","User #25324","Timepoint 19",NA,53,55
"3732","User #25324","Timepoint 20",NA,53,55
"3733","User #25324","Timepoint 21",NA,53,55
"3734","User #25324","Timepoint 22",NA,53,55
"3735","User #25324","Timepoint 23",NA,53,55
"3736","User #25324","Timepoint 24",NA,53,55
"3737","User #25324","Timepoint 25",NA,53,55
"3738","User #25324","Timepoint 26",NA,53,55
"3739","User #25324","Timepoint 27",NA,53,55
"3740","User #25324","Timepoint 28",NA,53,55
"3741","User #25324","Timepoint 29",NA,53,55
"3742","User #25324","Timepoint 30",NA,53,55
"3743","User #25324","Timepoint 31",NA,53,55
"3744","User #25324","Timepoint 32",NA,53,55
"3745","User #25324","Timepoint 33",NA,53,55
"3746","User #25324","Timepoint 34",NA,53,55
"3747","User #25324","Timepoint 35",NA,53,55
"3748","User #25324","Timepoint 36",NA,53,55
"3749","User #25324","Timepoint 37",NA,53,55
"3750","User #25324","Timepoint 38",NA,53,55
"3751","User #25324","Timepoint 39",NA,53,55
"3752","User #25324","Timepoint 40",NA,53,55
"3753","User #25324","Timepoint 41",NA,53,55
"3754","User #25324","Timepoint 42",NA,53,55
"3755","User #25324","Timepoint 43",NA,53,55
"3756","User #25324","Timepoint 44",NA,53,55
"3757","User #25324","Timepoint 45",NA,53,55
"3758","User #25324","Timepoint 46",NA,53,55
"3759","User #25324","Timepoint 47",NA,53,55
"3760","User #25324","Timepoint 48",NA,53,55
"3761","User #25324","Timepoint 49",NA,53,55
"3762","User #25324","Timepoint 50",NA,53,55
"3763","User #25324","Timepoint 51",NA,53,55
"3764","User #25324","Timepoint 52",NA,53,55
"3765","User #25324","Timepoint 53",NA,53,55
"3766","User #25324","Timepoint 54",NA,53,55
"3767","User #25324","Timepoint 55",NA,53,55
"3768","User #25324","Timepoint 56",NA,53,55
"3769","User #25324","Timepoint 57",NA,53,55
"3770","User #25324","Timepoint 58",NA,53,55
"3771","User #25324","Timepoint 59",NA,53,55
"3772","User #25324","Timepoint 60",NA,53,55
"3773","User #25324","Timepoint 61",NA,53,55
"3774","User #25324","Timepoint 62",NA,53,55
"3775","User #25324","Timepoint 63",NA,53,55
"3776","User #25324","Timepoint 64",NA,53,55
"3777","User #25307","Timepoint 1",0,53,55
"3778","User #25307","Timepoint 2",0,53,55
"3779","User #25307","Timepoint 3",0,53,55
"3780","User #25307","Timepoint 4",0,53,55
"3781","User #25307","Timepoint 5",0,53,55
"3782","User #25307","Timepoint 6",0,53,55
"3783","User #25307","Timepoint 7",0,53,55
"3784","User #25307","Timepoint 8",0,53,55
"3785","User #25307","Timepoint 9",0,53,55
"3786","User #25307","Timepoint 10",0,53,55
"3787","User #25307","Timepoint 11",0,53,55
"3788","User #25307","Timepoint 12",0,53,55
"3789","User #25307","Timepoint 13",0,53,55
"3790","User #25307","Timepoint 14",0,53,55
"3791","User #25307","Timepoint 15",0,53,55
"3792","User #25307","Timepoint 16",0,53,55
"3793","User #25307","Timepoint 17",NA,53,55
"3794","User #25307","Timepoint 18",NA,53,55
"3795","User #25307","Timepoint 19",NA,53,55
"3796","User #25307","Timepoint 20",NA,53,55
"3797","User #25307","Timepoint 21",NA,53,55
"3798","User #25307","Timepoint 22",NA,53,55
"3799","User #25307","Timepoint 23",NA,53,55
"3800","User #25307","Timepoint 24",NA,53,55
"3801","User #25307","Timepoint 25",NA,53,55
"3802","User #25307","Timepoint 26",NA,53,55
"3803","User #25307","Timepoint 27",NA,53,55
"3804","User #25307","Timepoint 28",NA,53,55
"3805","User #25307","Timepoint 29",NA,53,55
"3806","User #25307","Timepoint 30",NA,53,55
"3807","User #25307","Timepoint 31",NA,53,55
"3808","User #25307","Timepoint 32",NA,53,55
"3809","User #25307","Timepoint 33",NA,53,55
"3810","User #25307","Timepoint 34",NA,53,55
"3811","User #25307","Timepoint 35",NA,53,55
"3812","User #25307","Timepoint 36",NA,53,55
"3813","User #25307","Timepoint 37",NA,53,55
"3814","User #25307","Timepoint 38",NA,53,55
"3815","User #25307","Timepoint 39",NA,53,55
"3816","User #25307","Timepoint 40",NA,53,55
"3817","User #25307","Timepoint 41",NA,53,55
"3818","User #25307","Timepoint 42",NA,53,55
"3819","User #25307","Timepoint 43",NA,53,55
"3820","User #25307","Timepoint 44",NA,53,55
"3821","User #25307","Timepoint 45",NA,53,55
"3822","User #25307","Timepoint 46",NA,53,55
"3823","User #25307","Timepoint 47",NA,53,55
"3824","User #25307","Timepoint 48",NA,53,55
"3825","User #25307","Timepoint 49",NA,53,55
"3826","User #25307","Timepoint 50",NA,53,55
"3827","User #25307","Timepoint 51",NA,53,55
"3828","User #25307","Timepoint 52",NA,53,55
"3829","User #25307","Timepoint 53",NA,53,55
"3830","User #25307","Timepoint 54",NA,53,55
"3831","User #25307","Timepoint 55",NA,53,55
"3832","User #25307","Timepoint 56",NA,53,55
"3833","User #25307","Timepoint 57",NA,53,55
"3834","User #25307","Timepoint 58",NA,53,55
"3835","User #25307","Timepoint 59",NA,53,55
"3836","User #25307","Timepoint 60",NA,53,55
"3837","User #25307","Timepoint 61",NA,53,55
"3838","User #25307","Timepoint 62",NA,53,55
"3839","User #25307","Timepoint 63",NA,53,55
"3840","User #25307","Timepoint 64",NA,53,55
"3841","User #25328","Timepoint 1",0,53,55
"3842","User #25328","Timepoint 2",0,53,55
"3843","User #25328","Timepoint 3",0,53,55
"3844","User #25328","Timepoint 4",0,53,55
"3845","User #25328","Timepoint 5",0,53,55
"3846","User #25328","Timepoint 6",0,53,55
"3847","User #25328","Timepoint 7",0,53,55
"3848","User #25328","Timepoint 8",0,53,55
"3849","User #25328","Timepoint 9",0,53,55
"3850","User #25328","Timepoint 10",0,53,55
"3851","User #25328","Timepoint 11",0,53,55
"3852","User #25328","Timepoint 12",0,53,55
"3853","User #25328","Timepoint 13",0,53,55
"3854","User #25328","Timepoint 14",0,53,55
"3855","User #25328","Timepoint 15",0,53,55
"3856","User #25328","Timepoint 16",0,53,55
"3857","User #25328","Timepoint 17",NA,53,55
"3858","User #25328","Timepoint 18",NA,53,55
"3859","User #25328","Timepoint 19",NA,53,55
"3860","User #25328","Timepoint 20",NA,53,55
"3861","User #25328","Timepoint 21",NA,53,55
"3862","User #25328","Timepoint 22",NA,53,55
"3863","User #25328","Timepoint 23",NA,53,55
"3864","User #25328","Timepoint 24",NA,53,55
"3865","User #25328","Timepoint 25",NA,53,55
"3866","User #25328","Timepoint 26",NA,53,55
"3867","User #25328","Timepoint 27",NA,53,55
"3868","User #25328","Timepoint 28",NA,53,55
"3869","User #25328","Timepoint 29",NA,53,55
"3870","User #25328","Timepoint 30",NA,53,55
"3871","User #25328","Timepoint 31",NA,53,55
"3872","User #25328","Timepoint 32",NA,53,55
"3873","User #25328","Timepoint 33",NA,53,55
"3874","User #25328","Timepoint 34",NA,53,55
"3875","User #25328","Timepoint 35",NA,53,55
"3876","User #25328","Timepoint 36",NA,53,55
"3877","User #25328","Timepoint 37",NA,53,55
"3878","User #25328","Timepoint 38",NA,53,55
"3879","User #25328","Timepoint 39",NA,53,55
"3880","User #25328","Timepoint 40",NA,53,55
"3881","User #25328","Timepoint 41",NA,53,55
"3882","User #25328","Timepoint 42",NA,53,55
"3883","User #25328","Timepoint 43",NA,53,55
"3884","User #25328","Timepoint 44",NA,53,55
"3885","User #25328","Timepoint 45",NA,53,55
"3886","User #25328","Timepoint 46",NA,53,55
"3887","User #25328","Timepoint 47",NA,53,55
"3888","User #25328","Timepoint 48",NA,53,55
"3889","User #25328","Timepoint 49",NA,53,55
"3890","User #25328","Timepoint 50",NA,53,55
"3891","User #25328","Timepoint 51",NA,53,55
"3892","User #25328","Timepoint 52",NA,53,55
"3893","User #25328","Timepoint 53",NA,53,55
"3894","User #25328","Timepoint 54",NA,53,55
"3895","User #25328","Timepoint 55",NA,53,55
"3896","User #25328","Timepoint 56",NA,53,55
"3897","User #25328","Timepoint 57",NA,53,55
"3898","User #25328","Timepoint 58",NA,53,55
"3899","User #25328","Timepoint 59",NA,53,55
"3900","User #25328","Timepoint 60",NA,53,55
"3901","User #25328","Timepoint 61",NA,53,55
"3902","User #25328","Timepoint 62",NA,53,55
"3903","User #25328","Timepoint 63",NA,53,55
"3904","User #25328","Timepoint 64",NA,53,55
"3905","User #25299","Timepoint 1",0,53,55
"3906","User #25299","Timepoint 2",0,53,55
"3907","User #25299","Timepoint 3",0,53,55
"3908","User #25299","Timepoint 4",0,53,55
"3909","User #25299","Timepoint 5",0,53,55
"3910","User #25299","Timepoint 6",0,53,55
"3911","User #25299","Timepoint 7",0,53,55
"3912","User #25299","Timepoint 8",0,53,55
"3913","User #25299","Timepoint 9",0,53,55
"3914","User #25299","Timepoint 10",0,53,55
"3915","User #25299","Timepoint 11",0,53,55
"3916","User #25299","Timepoint 12",0,53,55
"3917","User #25299","Timepoint 13",0,53,55
"3918","User #25299","Timepoint 14",0,53,55
"3919","User #25299","Timepoint 15",0,53,55
"3920","User #25299","Timepoint 16",0,53,55
"3921","User #25299","Timepoint 17",NA,53,55
"3922","User #25299","Timepoint 18",NA,53,55
"3923","User #25299","Timepoint 19",NA,53,55
"3924","User #25299","Timepoint 20",NA,53,55
"3925","User #25299","Timepoint 21",NA,53,55
"3926","User #25299","Timepoint 22",NA,53,55
"3927","User #25299","Timepoint 23",NA,53,55
"3928","User #25299","Timepoint 24",NA,53,55
"3929","User #25299","Timepoint 25",NA,53,55
"3930","User #25299","Timepoint 26",NA,53,55
"3931","User #25299","Timepoint 27",NA,53,55
"3932","User #25299","Timepoint 28",NA,53,55
"3933","User #25299","Timepoint 29",NA,53,55
"3934","User #25299","Timepoint 30",NA,53,55
"3935","User #25299","Timepoint 31",NA,53,55
"3936","User #25299","Timepoint 32",NA,53,55
"3937","User #25299","Timepoint 33",NA,53,55
"3938","User #25299","Timepoint 34",NA,53,55
"3939","User #25299","Timepoint 35",NA,53,55
"3940","User #25299","Timepoint 36",NA,53,55
"3941","User #25299","Timepoint 37",NA,53,55
"3942","User #25299","Timepoint 38",NA,53,55
"3943","User #25299","Timepoint 39",NA,53,55
"3944","User #25299","Timepoint 40",NA,53,55
"3945","User #25299","Timepoint 41",NA,53,55
"3946","User #25299","Timepoint 42",NA,53,55
"3947","User #25299","Timepoint 43",NA,53,55
"3948","User #25299","Timepoint 44",NA,53,55
"3949","User #25299","Timepoint 45",NA,53,55
"3950","User #25299","Timepoint 46",NA,53,55
"3951","User #25299","Timepoint 47",NA,53,55
"3952","User #25299","Timepoint 48",NA,53,55
"3953","User #25299","Timepoint 49",NA,53,55
"3954","User #25299","Timepoint 50",NA,53,55
"3955","User #25299","Timepoint 51",NA,53,55
"3956","User #25299","Timepoint 52",NA,53,55
"3957","User #25299","Timepoint 53",NA,53,55
"3958","User #25299","Timepoint 54",NA,53,55
"3959","User #25299","Timepoint 55",NA,53,55
"3960","User #25299","Timepoint 56",NA,53,55
"3961","User #25299","Timepoint 57",NA,53,55
"3962","User #25299","Timepoint 58",NA,53,55
"3963","User #25299","Timepoint 59",NA,53,55
"3964","User #25299","Timepoint 60",NA,53,55
"3965","User #25299","Timepoint 61",NA,53,55
"3966","User #25299","Timepoint 62",NA,53,55
"3967","User #25299","Timepoint 63",NA,53,55
"3968","User #25299","Timepoint 64",NA,53,55
"3969","User #25324","Timepoint 1",0,53,55
"3970","User #25324","Timepoint 2",0,53,55
"3971","User #25324","Timepoint 3",0,53,55
"3972","User #25324","Timepoint 4",0,53,55
"3973","User #25324","Timepoint 5",0,53,55
"3974","User #25324","Timepoint 6",0,53,55
"3975","User #25324","Timepoint 7",0,53,55
"3976","User #25324","Timepoint 8",0,53,55
"3977","User #25324","Timepoint 9",0,53,55
"3978","User #25324","Timepoint 10",0,53,55
"3979","User #25324","Timepoint 11",0,53,55
"3980","User #25324","Timepoint 12",0,53,55
"3981","User #25324","Timepoint 13",0,53,55
"3982","User #25324","Timepoint 14",0,53,55
"3983","User #25324","Timepoint 15",0,53,55
"3984","User #25324","Timepoint 16",0,53,55
"3985","User #25324","Timepoint 17",NA,53,55
"3986","User #25324","Timepoint 18",NA,53,55
"3987","User #25324","Timepoint 19",NA,53,55
"3988","User #25324","Timepoint 20",NA,53,55
"3989","User #25324","Timepoint 21",NA,53,55
"3990","User #25324","Timepoint 22",NA,53,55
"3991","User #25324","Timepoint 23",NA,53,55
"3992","User #25324","Timepoint 24",NA,53,55
"3993","User #25324","Timepoint 25",NA,53,55
"3994","User #25324","Timepoint 26",NA,53,55
"3995","User #25324","Timepoint 27",NA,53,55
"3996","User #25324","Timepoint 28",NA,53,55
"3997","User #25324","Timepoint 29",NA,53,55
"3998","User #25324","Timepoint 30",NA,53,55
"3999","User #25324","Timepoint 31",NA,53,55
"4000","User #25324","Timepoint 32",NA,53,55
"4001","User #25324","Timepoint 33",NA,53,55
"4002","User #25324","Timepoint 34",NA,53,55
"4003","User #25324","Timepoint 35",NA,53,55
"4004","User #25324","Timepoint 36",NA,53,55
"4005","User #25324","Timepoint 37",NA,53,55
"4006","User #25324","Timepoint 38",NA,53,55
"4007","User #25324","Timepoint 39",NA,53,55
"4008","User #25324","Timepoint 40",NA,53,55
"4009","User #25324","Timepoint 41",NA,53,55
"4010","User #25324","Timepoint 42",NA,53,55
"4011","User #25324","Timepoint 43",NA,53,55
"4012","User #25324","Timepoint 44",NA,53,55
"4013","User #25324","Timepoint 45",NA,53,55
"4014","User #25324","Timepoint 46",NA,53,55
"4015","User #25324","Timepoint 47",NA,53,55
"4016","User #25324","Timepoint 48",NA,53,55
"4017","User #25324","Timepoint 49",NA,53,55
"4018","User #25324","Timepoint 50",NA,53,55
"4019","User #25324","Timepoint 51",NA,53,55
"4020","User #25324","Timepoint 52",NA,53,55
"4021","User #25324","Timepoint 53",NA,53,55
"4022","User #25324","Timepoint 54",NA,53,55
"4023","User #25324","Timepoint 55",NA,53,55
"4024","User #25324","Timepoint 56",NA,53,55
"4025","User #25324","Timepoint 57",NA,53,55
"4026","User #25324","Timepoint 58",NA,53,55
"4027","User #25324","Timepoint 59",NA,53,55
"4028","User #25324","Timepoint 60",NA,53,55
"4029","User #25324","Timepoint 61",NA,53,55
"4030","User #25324","Timepoint 62",NA,53,55
"4031","User #25324","Timepoint 63",NA,53,55
"4032","User #25324","Timepoint 64",NA,53,55
"4033","User #25389","Timepoint 1",0,53,55
"4034","User #25389","Timepoint 2",0,53,55
"4035","User #25389","Timepoint 3",0,53,55
"4036","User #25389","Timepoint 4",0,53,55
"4037","User #25389","Timepoint 5",0,53,55
"4038","User #25389","Timepoint 6",0,53,55
"4039","User #25389","Timepoint 7",0,53,55
"4040","User #25389","Timepoint 8",0,53,55
"4041","User #25389","Timepoint 9",0,53,55
"4042","User #25389","Timepoint 10",0,53,55
"4043","User #25389","Timepoint 11",0,53,55
"4044","User #25389","Timepoint 12",0,53,55
"4045","User #25389","Timepoint 13",0,53,55
"4046","User #25389","Timepoint 14",0,53,55
"4047","User #25389","Timepoint 15",0,53,55
"4048","User #25389","Timepoint 16",0,53,55
"4049","User #25389","Timepoint 17",NA,53,55
"4050","User #25389","Timepoint 18",NA,53,55
"4051","User #25389","Timepoint 19",NA,53,55
"4052","User #25389","Timepoint 20",NA,53,55
"4053","User #25389","Timepoint 21",NA,53,55
"4054","User #25389","Timepoint 22",NA,53,55
"4055","User #25389","Timepoint 23",NA,53,55
"4056","User #25389","Timepoint 24",NA,53,55
"4057","User #25389","Timepoint 25",NA,53,55
"4058","User #25389","Timepoint 26",NA,53,55
"4059","User #25389","Timepoint 27",NA,53,55
"4060","User #25389","Timepoint 28",NA,53,55
"4061","User #25389","Timepoint 29",NA,53,55
"4062","User #25389","Timepoint 30",NA,53,55
"4063","User #25389","Timepoint 31",NA,53,55
"4064","User #25389","Timepoint 32",NA,53,55
"4065","User #25389","Timepoint 33",NA,53,55
"4066","User #25389","Timepoint 34",NA,53,55
"4067","User #25389","Timepoint 35",NA,53,55
"4068","User #25389","Timepoint 36",NA,53,55
"4069","User #25389","Timepoint 37",NA,53,55
"4070","User #25389","Timepoint 38",NA,53,55
"4071","User #25389","Timepoint 39",NA,53,55
"4072","User #25389","Timepoint 40",NA,53,55
"4073","User #25389","Timepoint 41",NA,53,55
"4074","User #25389","Timepoint 42",NA,53,55
"4075","User #25389","Timepoint 43",NA,53,55
"4076","User #25389","Timepoint 44",NA,53,55
"4077","User #25389","Timepoint 45",NA,53,55
"4078","User #25389","Timepoint 46",NA,53,55
"4079","User #25389","Timepoint 47",NA,53,55
"4080","User #25389","Timepoint 48",NA,53,55
"4081","User #25389","Timepoint 49",NA,53,55
"4082","User #25389","Timepoint 50",NA,53,55
"4083","User #25389","Timepoint 51",NA,53,55
"4084","User #25389","Timepoint 52",NA,53,55
"4085","User #25389","Timepoint 53",NA,53,55
"4086","User #25389","Timepoint 54",NA,53,55
"4087","User #25389","Timepoint 55",NA,53,55
"4088","User #25389","Timepoint 56",NA,53,55
"4089","User #25389","Timepoint 57",NA,53,55
"4090","User #25389","Timepoint 58",NA,53,55
"4091","User #25389","Timepoint 59",NA,53,55
"4092","User #25389","Timepoint 60",NA,53,55
"4093","User #25389","Timepoint 61",NA,53,55
"4094","User #25389","Timepoint 62",NA,53,55
"4095","User #25389","Timepoint 63",NA,53,55
"4096","User #25389","Timepoint 64",NA,53,55
"4097","User #25368","Timepoint 1",0,53,55
"4098","User #25368","Timepoint 2",0,53,55
"4099","User #25368","Timepoint 3",0,53,55
"4100","User #25368","Timepoint 4",0,53,55
"4101","User #25368","Timepoint 5",0,53,55
"4102","User #25368","Timepoint 6",0,53,55
"4103","User #25368","Timepoint 7",0,53,55
"4104","User #25368","Timepoint 8",0,53,55
"4105","User #25368","Timepoint 9",0,53,55
"4106","User #25368","Timepoint 10",0,53,55
"4107","User #25368","Timepoint 11",0,53,55
"4108","User #25368","Timepoint 12",0,53,55
"4109","User #25368","Timepoint 13",0,53,55
"4110","User #25368","Timepoint 14",0,53,55
"4111","User #25368","Timepoint 15",0,53,55
"4112","User #25368","Timepoint 16",0,53,55
"4113","User #25368","Timepoint 17",NA,53,55
"4114","User #25368","Timepoint 18",NA,53,55
"4115","User #25368","Timepoint 19",NA,53,55
"4116","User #25368","Timepoint 20",NA,53,55
"4117","User #25368","Timepoint 21",NA,53,55
"4118","User #25368","Timepoint 22",NA,53,55
"4119","User #25368","Timepoint 23",NA,53,55
"4120","User #25368","Timepoint 24",NA,53,55
"4121","User #25368","Timepoint 25",NA,53,55
"4122","User #25368","Timepoint 26",NA,53,55
"4123","User #25368","Timepoint 27",NA,53,55
"4124","User #25368","Timepoint 28",NA,53,55
"4125","User #25368","Timepoint 29",NA,53,55
"4126","User #25368","Timepoint 30",NA,53,55
"4127","User #25368","Timepoint 31",NA,53,55
"4128","User #25368","Timepoint 32",NA,53,55
"4129","User #25368","Timepoint 33",NA,53,55
"4130","User #25368","Timepoint 34",NA,53,55
"4131","User #25368","Timepoint 35",NA,53,55
"4132","User #25368","Timepoint 36",NA,53,55
"4133","User #25368","Timepoint 37",NA,53,55
"4134","User #25368","Timepoint 38",NA,53,55
"4135","User #25368","Timepoint 39",NA,53,55
"4136","User #25368","Timepoint 40",NA,53,55
"4137","User #25368","Timepoint 41",NA,53,55
"4138","User #25368","Timepoint 42",NA,53,55
"4139","User #25368","Timepoint 43",NA,53,55
"4140","User #25368","Timepoint 44",NA,53,55
"4141","User #25368","Timepoint 45",NA,53,55
"4142","User #25368","Timepoint 46",NA,53,55
"4143","User #25368","Timepoint 47",NA,53,55
"4144","User #25368","Timepoint 48",NA,53,55
"4145","User #25368","Timepoint 49",NA,53,55
"4146","User #25368","Timepoint 50",NA,53,55
"4147","User #25368","Timepoint 51",NA,53,55
"4148","User #25368","Timepoint 52",NA,53,55
"4149","User #25368","Timepoint 53",NA,53,55
"4150","User #25368","Timepoint 54",NA,53,55
"4151","User #25368","Timepoint 55",NA,53,55
"4152","User #25368","Timepoint 56",NA,53,55
"4153","User #25368","Timepoint 57",NA,53,55
"4154","User #25368","Timepoint 58",NA,53,55
"4155","User #25368","Timepoint 59",NA,53,55
"4156","User #25368","Timepoint 60",NA,53,55
"4157","User #25368","Timepoint 61",NA,53,55
"4158","User #25368","Timepoint 62",NA,53,55
"4159","User #25368","Timepoint 63",NA,53,55
"4160","User #25368","Timepoint 64",NA,53,55
"4161","User #25322","Timepoint 1",0,53,55
"4162","User #25322","Timepoint 2",0,53,55
"4163","User #25322","Timepoint 3",0,53,55
"4164","User #25322","Timepoint 4",0,53,55
"4165","User #25322","Timepoint 5",0,53,55
"4166","User #25322","Timepoint 6",0,53,55
"4167","User #25322","Timepoint 7",0,53,55
"4168","User #25322","Timepoint 8",0,53,55
"4169","User #25322","Timepoint 9",0,53,55
"4170","User #25322","Timepoint 10",0,53,55
"4171","User #25322","Timepoint 11",0,53,55
"4172","User #25322","Timepoint 12",0,53,55
"4173","User #25322","Timepoint 13",0,53,55
"4174","User #25322","Timepoint 14",0,53,55
"4175","User #25322","Timepoint 15",0,53,55
"4176","User #25322","Timepoint 16",0,53,55
"4177","User #25322","Timepoint 17",NA,53,55
"4178","User #25322","Timepoint 18",NA,53,55
"4179","User #25322","Timepoint 19",NA,53,55
"4180","User #25322","Timepoint 20",NA,53,55
"4181","User #25322","Timepoint 21",NA,53,55
"4182","User #25322","Timepoint 22",NA,53,55
"4183","User #25322","Timepoint 23",NA,53,55
"4184","User #25322","Timepoint 24",NA,53,55
"4185","User #25322","Timepoint 25",NA,53,55
"4186","User #25322","Timepoint 26",NA,53,55
"4187","User #25322","Timepoint 27",NA,53,55
"4188","User #25322","Timepoint 28",NA,53,55
"4189","User #25322","Timepoint 29",NA,53,55
"4190","User #25322","Timepoint 30",NA,53,55
"4191","User #25322","Timepoint 31",NA,53,55
"4192","User #25322","Timepoint 32",NA,53,55
"4193","User #25322","Timepoint 33",NA,53,55
"4194","User #25322","Timepoint 34",NA,53,55
"4195","User #25322","Timepoint 35",NA,53,55
"4196","User #25322","Timepoint 36",NA,53,55
"4197","User #25322","Timepoint 37",NA,53,55
"4198","User #25322","Timepoint 38",NA,53,55
"4199","User #25322","Timepoint 39",NA,53,55
"4200","User #25322","Timepoint 40",NA,53,55
"4201","User #25322","Timepoint 41",NA,53,55
"4202","User #25322","Timepoint 42",NA,53,55
"4203","User #25322","Timepoint 43",NA,53,55
"4204","User #25322","Timepoint 44",NA,53,55
"4205","User #25322","Timepoint 45",NA,53,55
"4206","User #25322","Timepoint 46",NA,53,55
"4207","User #25322","Timepoint 47",NA,53,55
"4208","User #25322","Timepoint 48",NA,53,55
"4209","User #25322","Timepoint 49",NA,53,55
"4210","User #25322","Timepoint 50",NA,53,55
"4211","User #25322","Timepoint 51",NA,53,55
"4212","User #25322","Timepoint 52",NA,53,55
"4213","User #25322","Timepoint 53",NA,53,55
"4214","User #25322","Timepoint 54",NA,53,55
"4215","User #25322","Timepoint 55",NA,53,55
"4216","User #25322","Timepoint 56",NA,53,55
"4217","User #25322","Timepoint 57",NA,53,55
"4218","User #25322","Timepoint 58",NA,53,55
"4219","User #25322","Timepoint 59",NA,53,55
"4220","User #25322","Timepoint 60",NA,53,55
"4221","User #25322","Timepoint 61",NA,53,55
"4222","User #25322","Timepoint 62",NA,53,55
"4223","User #25322","Timepoint 63",NA,53,55
"4224","User #25322","Timepoint 64",NA,53,55
"4225","User #25343","Timepoint 1",0,53,55
"4226","User #25343","Timepoint 2",0,53,55
"4227","User #25343","Timepoint 3",0,53,55
"4228","User #25343","Timepoint 4",0,53,55
"4229","User #25343","Timepoint 5",0,53,55
"4230","User #25343","Timepoint 6",0,53,55
"4231","User #25343","Timepoint 7",0,53,55
"4232","User #25343","Timepoint 8",0,53,55
"4233","User #25343","Timepoint 9",0,53,55
"4234","User #25343","Timepoint 10",0,53,55
"4235","User #25343","Timepoint 11",0,53,55
"4236","User #25343","Timepoint 12",0,53,55
"4237","User #25343","Timepoint 13",0,53,55
"4238","User #25343","Timepoint 14",0,53,55
"4239","User #25343","Timepoint 15",0,53,55
"4240","User #25343","Timepoint 16",0,53,55
"4241","User #25343","Timepoint 17",NA,53,55
"4242","User #25343","Timepoint 18",NA,53,55
"4243","User #25343","Timepoint 19",NA,53,55
"4244","User #25343","Timepoint 20",NA,53,55
"4245","User #25343","Timepoint 21",NA,53,55
"4246","User #25343","Timepoint 22",NA,53,55
"4247","User #25343","Timepoint 23",NA,53,55
"4248","User #25343","Timepoint 24",NA,53,55
"4249","User #25343","Timepoint 25",NA,53,55
"4250","User #25343","Timepoint 26",NA,53,55
"4251","User #25343","Timepoint 27",NA,53,55
"4252","User #25343","Timepoint 28",NA,53,55
"4253","User #25343","Timepoint 29",NA,53,55
"4254","User #25343","Timepoint 30",NA,53,55
"4255","User #25343","Timepoint 31",NA,53,55
"4256","User #25343","Timepoint 32",NA,53,55
"4257","User #25343","Timepoint 33",NA,53,55
"4258","User #25343","Timepoint 34",NA,53,55
"4259","User #25343","Timepoint 35",NA,53,55
"4260","User #25343","Timepoint 36",NA,53,55
"4261","User #25343","Timepoint 37",NA,53,55
"4262","User #25343","Timepoint 38",NA,53,55
"4263","User #25343","Timepoint 39",NA,53,55
"4264","User #25343","Timepoint 40",NA,53,55
"4265","User #25343","Timepoint 41",NA,53,55
"4266","User #25343","Timepoint 42",NA,53,55
"4267","User #25343","Timepoint 43",NA,53,55
"4268","User #25343","Timepoint 44",NA,53,55
"4269","User #25343","Timepoint 45",NA,53,55
"4270","User #25343","Timepoint 46",NA,53,55
"4271","User #25343","Timepoint 47",NA,53,55
"4272","User #25343","Timepoint 48",NA,53,55
"4273","User #25343","Timepoint 49",NA,53,55
"4274","User #25343","Timepoint 50",NA,53,55
"4275","User #25343","Timepoint 51",NA,53,55
"4276","User #25343","Timepoint 52",NA,53,55
"4277","User #25343","Timepoint 53",NA,53,55
"4278","User #25343","Timepoint 54",NA,53,55
"4279","User #25343","Timepoint 55",NA,53,55
"4280","User #25343","Timepoint 56",NA,53,55
"4281","User #25343","Timepoint 57",NA,53,55
"4282","User #25343","Timepoint 58",NA,53,55
"4283","User #25343","Timepoint 59",NA,53,55
"4284","User #25343","Timepoint 60",NA,53,55
"4285","User #25343","Timepoint 61",NA,53,55
"4286","User #25343","Timepoint 62",NA,53,55
"4287","User #25343","Timepoint 63",NA,53,55
"4288","User #25343","Timepoint 64",NA,53,55
"4289","User #25311","Timepoint 1",0,53,55
"4290","User #25311","Timepoint 2",0,53,55
"4291","User #25311","Timepoint 3",0,53,55
"4292","User #25311","Timepoint 4",0,53,55
"4293","User #25311","Timepoint 5",0,53,55
"4294","User #25311","Timepoint 6",0,53,55
"4295","User #25311","Timepoint 7",0,53,55
"4296","User #25311","Timepoint 8",0,53,55
"4297","User #25311","Timepoint 9",0,53,55
"4298","User #25311","Timepoint 10",0,53,55
"4299","User #25311","Timepoint 11",0,53,55
"4300","User #25311","Timepoint 12",0,53,55
"4301","User #25311","Timepoint 13",0,53,55
"4302","User #25311","Timepoint 14",0,53,55
"4303","User #25311","Timepoint 15",0,53,55
"4304","User #25311","Timepoint 16",0,53,55
"4305","User #25311","Timepoint 17",NA,53,55
"4306","User #25311","Timepoint 18",NA,53,55
"4307","User #25311","Timepoint 19",NA,53,55
"4308","User #25311","Timepoint 20",NA,53,55
"4309","User #25311","Timepoint 21",NA,53,55
"4310","User #25311","Timepoint 22",NA,53,55
"4311","User #25311","Timepoint 23",NA,53,55
"4312","User #25311","Timepoint 24",NA,53,55
"4313","User #25311","Timepoint 25",NA,53,55
"4314","User #25311","Timepoint 26",NA,53,55
"4315","User #25311","Timepoint 27",NA,53,55
"4316","User #25311","Timepoint 28",NA,53,55
"4317","User #25311","Timepoint 29",NA,53,55
"4318","User #25311","Timepoint 30",NA,53,55
"4319","User #25311","Timepoint 31",NA,53,55
"4320","User #25311","Timepoint 32",NA,53,55
"4321","User #25311","Timepoint 33",NA,53,55
"4322","User #25311","Timepoint 34",NA,53,55
"4323","User #25311","Timepoint 35",NA,53,55
"4324","User #25311","Timepoint 36",NA,53,55
"4325","User #25311","Timepoint 37",NA,53,55
"4326","User #25311","Timepoint 38",NA,53,55
"4327","User #25311","Timepoint 39",NA,53,55
"4328","User #25311","Timepoint 40",NA,53,55
"4329","User #25311","Timepoint 41",NA,53,55
"4330","User #25311","Timepoint 42",NA,53,55
"4331","User #25311","Timepoint 43",NA,53,55
"4332","User #25311","Timepoint 44",NA,53,55
"4333","User #25311","Timepoint 45",NA,53,55
"4334","User #25311","Timepoint 46",NA,53,55
"4335","User #25311","Timepoint 47",NA,53,55
"4336","User #25311","Timepoint 48",NA,53,55
"4337","User #25311","Timepoint 49",NA,53,55
"4338","User #25311","Timepoint 50",NA,53,55
"4339","User #25311","Timepoint 51",NA,53,55
"4340","User #25311","Timepoint 52",NA,53,55
"4341","User #25311","Timepoint 53",NA,53,55
"4342","User #25311","Timepoint 54",NA,53,55
"4343","User #25311","Timepoint 55",NA,53,55
"4344","User #25311","Timepoint 56",NA,53,55
"4345","User #25311","Timepoint 57",NA,53,55
"4346","User #25311","Timepoint 58",NA,53,55
"4347","User #25311","Timepoint 59",NA,53,55
"4348","User #25311","Timepoint 60",NA,53,55
"4349","User #25311","Timepoint 61",NA,53,55
"4350","User #25311","Timepoint 62",NA,53,55
"4351","User #25311","Timepoint 63",NA,53,55
"4352","User #25311","Timepoint 64",NA,53,55
"4353","User #25372","Timepoint 1",0,53,55
"4354","User #25372","Timepoint 2",0,53,55
"4355","User #25372","Timepoint 3",0,53,55
"4356","User #25372","Timepoint 4",0,53,55
"4357","User #25372","Timepoint 5",0,53,55
"4358","User #25372","Timepoint 6",0,53,55
"4359","User #25372","Timepoint 7",0,53,55
"4360","User #25372","Timepoint 8",0,53,55
"4361","User #25372","Timepoint 9",0,53,55
"4362","User #25372","Timepoint 10",0,53,55
"4363","User #25372","Timepoint 11",0,53,55
"4364","User #25372","Timepoint 12",0,53,55
"4365","User #25372","Timepoint 13",0,53,55
"4366","User #25372","Timepoint 14",0,53,55
"4367","User #25372","Timepoint 15",0,53,55
"4368","User #25372","Timepoint 16",0,53,55
"4369","User #25372","Timepoint 17",NA,53,55
"4370","User #25372","Timepoint 18",NA,53,55
"4371","User #25372","Timepoint 19",NA,53,55
"4372","User #25372","Timepoint 20",NA,53,55
"4373","User #25372","Timepoint 21",NA,53,55
"4374","User #25372","Timepoint 22",NA,53,55
"4375","User #25372","Timepoint 23",NA,53,55
"4376","User #25372","Timepoint 24",NA,53,55
"4377","User #25372","Timepoint 25",NA,53,55
"4378","User #25372","Timepoint 26",NA,53,55
"4379","User #25372","Timepoint 27",NA,53,55
"4380","User #25372","Timepoint 28",NA,53,55
"4381","User #25372","Timepoint 29",NA,53,55
"4382","User #25372","Timepoint 30",NA,53,55
"4383","User #25372","Timepoint 31",NA,53,55
"4384","User #25372","Timepoint 32",NA,53,55
"4385","User #25372","Timepoint 33",NA,53,55
"4386","User #25372","Timepoint 34",NA,53,55
"4387","User #25372","Timepoint 35",NA,53,55
"4388","User #25372","Timepoint 36",NA,53,55
"4389","User #25372","Timepoint 37",NA,53,55
"4390","User #25372","Timepoint 38",NA,53,55
"4391","User #25372","Timepoint 39",NA,53,55
"4392","User #25372","Timepoint 40",NA,53,55
"4393","User #25372","Timepoint 41",NA,53,55
"4394","User #25372","Timepoint 42",NA,53,55
"4395","User #25372","Timepoint 43",NA,53,55
"4396","User #25372","Timepoint 44",NA,53,55
"4397","User #25372","Timepoint 45",NA,53,55
"4398","User #25372","Timepoint 46",NA,53,55
"4399","User #25372","Timepoint 47",NA,53,55
"4400","User #25372","Timepoint 48",NA,53,55
"4401","User #25372","Timepoint 49",NA,53,55
"4402","User #25372","Timepoint 50",NA,53,55
"4403","User #25372","Timepoint 51",NA,53,55
"4404","User #25372","Timepoint 52",NA,53,55
"4405","User #25372","Timepoint 53",NA,53,55
"4406","User #25372","Timepoint 54",NA,53,55
"4407","User #25372","Timepoint 55",NA,53,55
"4408","User #25372","Timepoint 56",NA,53,55
"4409","User #25372","Timepoint 57",NA,53,55
"4410","User #25372","Timepoint 58",NA,53,55
"4411","User #25372","Timepoint 59",NA,53,55
"4412","User #25372","Timepoint 60",NA,53,55
"4413","User #25372","Timepoint 61",NA,53,55
"4414","User #25372","Timepoint 62",NA,53,55
"4415","User #25372","Timepoint 63",NA,53,55
"4416","User #25372","Timepoint 64",NA,53,55
